2386 896 0
2386 896 0
2386 896 0
2386 896 0
2386 896 0
2386 896 0
2386 896 0
2385 896 0
2385 896 0
2385 896 0
2385 896 0
2385 896 0
2385 896 0
2385 896 0
2385 896 0
2385 896 0
2385 896 0
2385 896 0
2384 896 0
2384 896 0
2384 896 0
2384 896 0
2384 896 0
2384 896 0
2384 896 0
2384 896 0
2384 896 0
2384 896 0
2384 896 0
2384 896 0
2383 896 0
2383 896 0
2383 896 0
2383 896 0
2383 896 0
2383 896 0
2383 896 0
2383 896 0
2383 896 0
2383 896 0
2383 896 0
2383 896 0
2382 896 0
2382 896 0
2382 896 0
2382 896 0
2382 896 0
2382 896 0
2382 896 0
2382 896 0
2382 896 1
2382 896 1
2382 896 1
2382 896 1
2381 896 1
2381 896 1
2381 896 1
2381 896 1
2381 896 1
2381 896 1
2381 896 1
2381 896 1
2381 896 1
2381 896 1
2381 896 1
2380 896 1
2380 895 1
2380 895 1
2380 895 1
2380 895 1
2380 895 1
2380 895 1
2380 895 1
2380 895 1
2380 895 1
2380 895 1
2380 895 1
2379 895 1
2379 895 1
2379 895 1
2379 895 1
2379 894 1
2379 894 1
2379 894 1
2379 894 1
2379 894 1
2379 894 1
2379 894 1
2378 894 1
2378 894 1
2378 894 1
2378 894 1
2378 894 1
2378 894 1
2378 894 1
2378 894 1
2378 894 1
2378 893 1
2378 893 1
2378 893 1
2377 893 1
2377 893 1
2377 892 1
2376 891 1
2376 891 1
2375 890 1
2375 890 1
2374 889 1
2374 888 1
2374 888 1
2373 887 1
2373 886 1
2372 886 1
2372 885 1
2371 885 1
2371 884 1
2371 883 1
2370 883 1
2370 882 1
2369 881 1
2369 881 1
2368 880 1
2368 880 1
2368 879 1
2367 878 1
2367 878 1
2366 877 1
2366 876 1
2365 876 1
2365 875 1
2365 875 1
2364 874 1
2364 873 1
2363 873 1
2363 872 1
2362 871 1
2362 871 1
2362 870 1
2361 870 1
2361 869 1
2360 868 1
2360 868 1
2359 867 1
2359 866 1
2358 866 1
2358 865 1
2358 865 1
2357 864 1
2357 863 1
2356 863 1
2356 862 1
2355 861 1
2355 861 1
2354 860 1
2354 859 1
2353 859 1
2353 858 1
2352 857 1
2352 857 1
2351 856 1
2351 856 1
2351 855 1
2350 854 1
2350 854 1
2349 853 1
2349 852 1
2348 852 1
2348 851 1
2347 850 1
2347 850 1
2346 849 1
2346 848 1
2345 848 1
2345 847 1
2344 847 1
2344 846 1
2343 845 1
2343 845 1
2342 844 1
2342 843 1
2341 843 1
2341 842 1
2340 841 1
2340 841 1
2339 840 1
2339 839 1
2338 839 1
2338 838 1
2337 837 1
2337 837 1
2336 836 1
2336 836 1
2335 835 1
2335 834 1
2334 834 1
2334 833 1
2333 832 1
2333 832 1
2332 831 1
2332 830 1
2331 830 1
2331 830 1
2331 829 1
2331 829 1
2331 829 1
2330 829 1
2330 828 1
2330 828 1
2330 828 1
2330 828 1
2329 827 1
2329 827 1
2329 827 1
2329 827 1
2328 827 1
2328 826 1
2328 826 1
2328 826 1
2328 826 1
2327 825 1
2327 825 1
2327 825 1
2327 825 1
2327 825 1
2326 824 1
2326 824 1
2326 824 1
2326 824 1
2326 823 1
2325 823 1
2325 823 1
2325 823 1
2325 823 1
2325 822 1
2324 822 1
2324 822 1
2324 822 1
2324 821 1
2323 821 1
2323 821 1
2323 821 1
2323 820 1
2323 820 1
2322 820 1
2322 820 1
2322 820 1
2322 819 1
2322 819 1
2321 819 1
2321 819 1
2321 818 1
2321 818 1
2321 819 1
2321 819 1
2321 819 1
2321 819 1
2321 819 1
2321 819 1
2321 819 1
2321 819 1
2321 819 1
2321 819 1
2321 819 1
2321 819 1
2321 819 1
2321 819 1
2321 819 1
2321 819 1
2321 819 1
2321 819 1
2321 819 1
2321 819 1
2321 819 1
2321 819 1
2321 819 1
2320 819 1
2320 819 1
2320 819 1
2320 819 1
2320 819 1
2320 819 1
2320 819 1
2320 819 1
2320 819 1
2320 819 1
2320 819 1
2320 819 1
2320 819 1
2320 819 1
2320 819 1
2320 819 1
2320 819 1
2320 819 1
2320 820 1
2320 820 1
2320 820 1
2320 820 1
2320 820 1
2320 820 1
2320 820 1
2320 820 1
2321 820 1
2321 821 1
2322 822 1
2322 823 1
2322 823 1
2323 824 1
2323 825 1
2324 825 1
2324 826 1
2325 827 1
2325 828 1
2326 828 1
2326 829 1
2327 830 1
2327 830 1
2328 831 1
2328 832 1
2329 832 1
2329 833 1
2330 834 1
2330 835 1
2331 835 1
2331 836 1
2332 837 1
2332 837 1
2333 838 1
2333 839 1
2334 840 1
2334 840 1
2335 841 1
2335 842 1
2336 842 1
2336 843 1
2336 844 1
2337 845 1
2337 845 1
2338 846 1
2338 847 1
2339 847 1
2339 848 1
2340 849 1
2340 850 1
2341 850 1
2341 851 1
2342 852 1
2342 852 1
2343 853 1
2343 854 1
2343 855 1
2344 855 1
2344 856 1
2345 857 1
2346 858 1
2346 859 1
2347 859 1
2347 860 1
2348 861 1
2348 862 1
2349 863 1
2349 863 1
2350 864 1
2350 865 1
2351 866 1
2351 867 1
2352 868 1
2352 868 1
2353 869 1
2353 870 1
2354 871 1
2354 872 1
2355 873 1
2355 873 1
2356 874 1
2356 875 1
2357 876 1
2357 877 1
2358 877 1
2358 878 1
2359 879 1
2359 880 1
2360 881 1
2360 882 1
2361 882 1
2361 883 1
2362 884 1
2362 885 1
2363 886 1
2363 887 1
2364 887 1
2364 888 1
2365 889 1
2365 890 1
2366 891 1
2366 891 1
2367 892 1
2367 893 1
2368 894 1
2368 895 1
2369 896 1
2369 896 1
2369 897 1
2369 897 1
2369 897 1
2369 897 1
2369 897 1
2369 897 1
2369 897 1
2369 898 1
2369 898 1
2369 898 1
2369 898 1
2369 898 1
2369 898 1
2369 898 1
2369 899 1
2369 899 1
2369 899 1
2369 899 1
2369 899 1
2369 899 1
2369 900 1
2369 900 1
2369 900 1
2369 900 1
2369 900 1
2369 900 1
2369 900 1
2369 901 1
2369 901 1
2369 901 1
2369 901 1
2369 901 1
2369 901 1
2369 901 1
2369 902 1
2369 902 1
2369 902 1
2369 902 1
2369 902 1
2369 902 1
2369 903 1
2369 903 1
2369 903 1
2369 903 1
2369 903 1
2369 903 1
2369 903 1
2369 904 1
2369 904 1
2369 904 1
2368 904 1
2368 904 1
2368 904 1
2368 904 1
2368 904 1
2368 904 1
2367 904 1
2367 905 1
2367 905 1
2367 905 1
2367 905 1
2367 905 1
2367 905 1
2366 905 1
2366 905 1
2366 905 1
2366 905 1
2366 905 1
2366 905 1
2366 906 1
2365 906 1
2365 906 1
2365 906 1
2365 906 1
2365 906 1
2365 906 1
2364 906 1
2364 906 1
2364 906 1
2364 906 1
2364 906 1
2364 907 1
2364 907 1
2363 907 1
2363 907 1
2363 907 1
2363 907 1
2363 907 1
2363 907 1
2363 907 1
2362 907 1
2362 907 1
2362 907 1
2362 908 1
2362 908 1
2362 908 1
2361 908 1
2361 908 1
2361 908 1
2361 908 1
2361 908 1
2361 908 1
2360 908 1
2360 908 1
2360 908 1
2360 908 1
2360 908 1
2360 908 1
2359 908 1
2359 908 1
2359 909 1
2359 909 1
2359 909 1
2358 909 1
2358 909 1
2358 909 1
2358 909 1
2358 909 1
2357 909 1
2357 909 1
2357 909 1
2357 909 1
2357 909 1
2357 909 1
2356 909 1
2356 909 1
2356 909 1
2356 909 1
2356 909 1
2355 909 1
2355 909 1
2355 909 1
2355 909 1
2355 909 1
2354 909 1
2354 910 1
2354 910 1
2354 910 1
2354 910 1
2354 910 1
2353 910 1
2353 910 1
2353 910 1
2353 910 1
2353 910 1
2352 910 1
2352 910 1
2352 910 1
2352 910 1
2352 910 1
2351 910 1
2351 910 1
2351 910 1
2351 910 1
2351 910 1
2351 910 1
2350 909 1
2350 909 1
2350 909 1
2350 909 1
2350 909 1
2350 909 1
2349 909 1
2349 909 1
2349 909 1
2349 909 1
2349 908 1
2348 908 1
2348 908 1
2348 908 1
2348 908 1
2348 908 1
2348 908 1
2347 908 1
2347 908 1
2347 908 1
2347 908 1
2347 907 1
2347 907 1
2346 907 1
2346 907 1
2346 907 1
2346 907 1
2346 907 1
2346 907 1
2345 907 1
2345 907 1
2345 906 1
2345 906 1
2345 906 1
2344 906 1
2344 906 1
2344 906 1
2344 906 1
2344 906 1
2344 906 1
2343 906 1
2343 906 1
2343 905 1
2343 905 1
2342 904 1
2342 903 1
2341 903 1
2340 902 1
2340 901 1
2339 900 1
2338 899 1
2338 898 1
2337 897 1
2336 896 1
2336 895 1
2335 894 1
2335 893 1
2334 892 1
2333 891 1
2333 891 1
2332 890 1
2331 889 1
2331 888 1
2330 887 1
2329 886 1
2329 885 1
2328 884 1
2327 883 1
2327 882 1
2326 881 1
2325 880 1
2325 880 1
2324 879 1
2323 878 1
2323 877 1
2322 876 1
2321 875 1
2321 874 1
2320 873 1
2319 872 1
2319 871 1
2318 870 1
2317 869 1
2317 869 1
2316 868 1
2315 867 1
2315 866 1
2314 865 1
2313 864 1
2313 863 1
2312 862 1
2311 861 1
2311 860 1
2310 859 1
2309 858 1
2309 858 1
2308 857 1
2308 856 1
2307 855 1
2306 854 1
2306 853 1
2305 852 1
2305 852 1
2304 851 1
2304 850 1
2303 849 1
2302 848 1
2302 847 1
2301 846 1
2301 845 1
2300 845 1
2299 844 1
2299 843 1
2298 842 1
2297 841 1
2297 840 1
2296 839 1
2296 839 1
2295 838 1
2294 837 1
2294 836 1
2293 835 1
2293 834 1
2292 833 1
2291 833 1
2291 832 1
2290 831 1
2290 830 1
2289 829 1
2288 828 1
2288 827 1
2287 826 1
2286 826 1
2286 825 1
2285 824 1
2285 823 1
2284 822 1
2283 821 1
2283 820 1
2282 820 1
2281 819 1
2281 818 1
2280 817 1
2280 816 1
2280 816 1
2280 816 1
2280 816 1
2280 816 1
2280 816 1
2280 816 1
2280 816 1
2280 816 1
2281 816 1
2281 816 1
2281 816 1
2281 815 1
2281 815 1
2281 815 1
2281 815 1
2281 815 1
2281 815 1
2282 815 1
2282 815 1
2282 815 1
2282 815 1
2282 815 1
2282 815 1
2282 815 1
2282 815 1
2282 815 1
2282 815 1
2283 815 1
2283 815 1
2283 815 1
2283 814 1
2283 814 1
2283 814 1
2283 814 1
2283 814 1
2283 814 1
2284 814 1
2284 814 1
2284 814 1
2284 814 1
2284 814 1
2284 814 1
2284 814 1
2284 814 1
2284 814 1
2285 814 1
2285 814 1
2285 814 1
2285 814 1
2285 813 1
2285 813 1
2285 813 1
2285 813 1
2285 813 1
2286 813 1
2286 813 1
2286 813 1
2286 813 1
2286 813 1
2286 813 1
2286 813 1
2286 813 1
2286 813 1
2286 813 1
2287 813 1
2287 813 1
2287 813 1
2287 813 1
2287 812 1
2287 812 1
2287 812 1
2287 812 1
2287 812 1
2288 812 1
2288 812 1
2288 812 1
2288 812 1
2288 812 1
2288 812 1
2288 812 1
2288 812 1
2288 812 1
2289 812 1
2289 812 1
2289 812 1
2289 812 1
2289 812 1
2289 812 1
2289 811 1
2289 811 1
2289 811 1
2289 811 1
2290 811 1
2290 811 1
2290 811 1
2290 811 1
2290 811 1
2290 811 1
2290 811 1
2290 811 1
2291 812 1
2291 812 1
2292 813 1
2293 814 1
2293 815 1
2294 815 1
2294 816 1
2295 817 1
2295 818 1
2296 819 1
2297 819 1
2297 820 1
2298 821 1
2298 822 1
2299 822 1
2299 823 1
2300 824 1
2301 825 1
2301 825 1
2302 826 1
2302 827 1
2303 828 1
2303 828 1
2304 829 1
2305 830 1
2305 831 1
2306 832 1
2306 832 1
2307 833 1
2307 834 1
2308 835 1
2308 835 1
2309 836 1
2310 837 1
2310 838 1
2311 838 1
2311 839 1
2312 840 1
2312 841 1
2313 841 1
2314 842 1
2314 843 1
2315 844 1
2315 845 1
2316 845 1
2316 846 1
2317 847 1
2317 848 1
2318 848 1
2318 849 1
2319 850 1
2320 851 1
2320 851 1
2321 852 1
2321 853 1
2322 854 1
2323 854 1
2323 855 1
2324 856 1
2324 857 1
2325 857 1
2326 858 1
2326 859 1
2327 860 1
2327 861 1
2328 861 1
2328 862 1
2329 863 1
2330 864 1
2330 864 1
2331 865 1
2331 866 1
2332 867 1
2333 867 1
2333 868 1
2334 869 1
2334 870 1
2335 870 1
2335 871 1
2336 872 1
2337 873 1
2337 873 1
2338 874 1
2338 875 1
2339 876 1
2339 877 1
2340 877 1
2341 878 1
2341 879 1
2342 880 1
2342 880 1
2343 881 1
2343 882 1
2344 883 1
2345 883 1
2345 884 1
2346 885 1
2346 886 1
2347 886 1
2347 887 1
2347 886 1
2347 886 1
2346 885 1
2346 884 1
2345 883 1
2345 883 1
2344 882 1
2344 881 1
2344 880 1
2343 880 1
2343 879 1
2342 878 1
2342 877 1
2341 877 1
2341 876 1
2341 875 1
2340 874 1
2340 873 1
2339 873 1
2339 872 1
2338 871 1
2338 870 1
2337 870 1
2337 869 1
2337 868 1
2336 867 1
2336 867 1
2335 866 1
2335 865 1
2334 864 1
2334 864 1
2333 863 1
2333 862 1
2333 861 1
2332 861 1
2332 860 1
2331 859 1
2331 858 1
2330 857 1
2330 857 1
2329 856 1
2329 855 1
2328 854 1
2328 854 1
2327 853 1
2327 852 1
2327 851 1
2326 851 1
2326 850 1
2325 849 1
2325 848 1
2324 847 1
2324 847 1
2323 846 1
2323 845 1
2322 844 1
2322 844 1
2321 843 1
2321 842 1
2320 841 1
2320 840 1
2319 840 1
2319 839 1
2318 838 1
2318 837 1
2317 837 1
2317 836 1
2316 835 1
2316 834 1
2316 833 1
2315 833 1
2315 832 1
2314 831 1
2314 830 1
2313 829 1
2313 829 1
2312 828 1
2312 827 1
2311 826 1
2311 826 1
2310 825 1
2310 824 1
2309 823 1
2309 822 1
2308 822 1
2308 821 1
2307 820 1
2307 819 1
2306 819 1
2306 818 1
2305 817 1
2305 816 1
2304 815 1
2304 815 1
2303 814 1
2302 813 1
2302 812 1
2301 811 1
2301 811 1
2300 810 1
2300 810 1
2300 810 1
2300 810 1
2300 809 1
2300 809 1
2301 809 1
2301 809 1
2301 809 1
2301 809 1
2301 809 1
2301 808 1
2301 808 1
2301 808 1
2301 808 1
2301 808 1
2301 808 1
2301 808 1
2301 808 1
2301 807 1
2301 807 1
2301 807 1
2301 807 1
2301 807 1
2301 807 1
2301 807 1
2301 807 1
2301 806 1
2301 806 1
2301 806 1
2301 806 1
2301 806 1
2301 806 1
2301 806 1
2301 806 1
2301 805 1
2301 805 1
2301 805 1
2301 805 1
2301 805 1
2301 805 1
2301 805 1
2301 804 1
2301 804 1
2301 804 1
2301 804 1
2301 804 1
2301 804 1
2301 804 1
2301 804 1
2301 803 1
2301 803 1
2301 803 1
2301 803 1
2302 803 1
2302 803 1
2302 803 1
2302 803 1
2302 803 1
2302 803 1
2302 803 1
2303 803 1
2303 803 1
2303 803 1
2303 803 1
2303 802 1
2303 802 1
2303 802 1
2304 802 1
2304 802 1
2304 802 1
2304 802 1
2304 802 1
2304 802 1
2304 802 1
2305 802 1
2305 802 1
2305 802 1
2305 802 1
2305 802 1
2305 802 1
2305 801 1
2306 801 1
2306 801 1
2306 801 1
2306 801 1
2306 801 1
2306 801 1
2307 801 1
2307 801 1
2307 801 1
2307 801 1
2307 801 1
2307 801 1
2307 801 1
2308 801 1
2308 801 1
2308 800 1
2308 800 1
2308 800 1
2308 800 1
2308 800 1
2309 800 1
2309 800 1
2309 800 1
2309 800 1
2309 800 1
2309 800 1
2310 800 1
2310 800 1
2310 800 1
2310 800 1
2310 800 1
2310 800 1
2311 800 1
2311 800 1
2311 800 1
2311 800 1
2311 800 1
2311 800 1
2312 800 1
2312 800 1
2312 800 1
2312 800 1
2312 800 1
2312 800 1
2313 800 1
2313 800 1
2313 800 1
2313 800 1
2313 800 1
2313 800 1
2314 800 1
2314 800 1
2314 800 1
2314 800 1
2314 800 1
2314 800 1
2315 800 1
2315 800 1
2315 800 1
2315 800 1
2315 800 1
2315 800 1
2316 800 1
2316 800 1
2316 800 1
2316 800 1
2316 800 1
2316 800 1
2317 800 1
2317 800 1
2317 800 1
2317 800 1
2317 800 1
2318 801 1
2318 801 1
2318 801 1
2318 801 1
2318 801 1
2318 801 1
2319 801 1
2319 801 1
2319 802 1
2319 802 1
2319 802 1
2320 802 1
2320 802 1
2320 802 1
2320 802 1
2320 802 1
2321 803 1
2321 803 1
2321 803 1
2321 803 1
2321 803 1
2322 803 1
2322 803 1
2322 803 1
2322 804 1
2322 804 1
2322 804 1
2323 804 1
2323 804 1
2323 804 1
2323 804 1
2323 804 1
2324 805 1
2324 805 1
2324 805 1
2324 805 1
2324 805 1
2325 805 1
2325 805 1
2325 805 1
2325 806 1
2325 806 1
2326 806 1
2326 806 1
2326 806 1
2326 806 1
2327 807 1
2328 808 1
2328 809 1
2329 810 1
2330 811 1
2331 812 1
2331 813 1
2332 814 1
2333 815 1
2334 815 1
2334 816 1
2335 817 1
2336 818 1
2337 819 1
2337 820 1
2338 821 1
2339 822 1
2340 823 1
2340 824 1
2341 825 1
2342 826 1
2343 827 1
2343 828 1
2344 829 1
2345 829 1
2346 830 1
2346 831 1
2347 832 1
2348 833 1
2349 834 1
2349 835 1
2350 836 1
2351 837 1
2352 838 1
2352 839 1
2353 840 1
2354 841 1
2354 842 1
2355 842 1
2356 843 1
2357 844 1
2357 845 1
2358 846 1
2359 847 1
2360 848 1
2360 849 1
2361 850 1
2362 851 1
2362 852 1
2363 853 1
2364 854 1
2364 854 1
2365 855 1
2366 856 1
2366 857 1
2367 858 1
2367 859 1
2368 859 1
2369 860 1
2369 861 1
2370 862 1
2370 863 1
2371 864 1
2371 864 1
2372 865 1
2373 866 1
2373 867 1
2374 868 1
2374 869 1
2375 869 1
2376 870 1
2376 871 1
2377 872 1
2377 873 1
2378 874 1
2378 874 1
2379 875 1
2380 876 1
2380 877 1
2381 878 1
2381 879 1
2382 879 1
2383 880 1
2383 881 1
2384 882 1
2384 883 1
2385 884 1
2385 884 1
2386 885 1
2387 886 1
2387 887 1
2388 888 1
2388 889 1
2389 889 1
2389 890 1
2390 891 1
2390 892 1
2391 893 1
2392 894 1
2392 894 1
2392 894 1
2392 894 1
2392 894 1
2392 895 1
2392 895 1
2391 895 1
2391 895 1
2391 895 1
2391 895 1
2391 895 1
2391 895 1
2391 895 1
2391 895 1
2390 895 1
2390 895 1
2390 895 1
2390 895 1
2390 895 1
2390 895 1
2390 895 1
2390 895 1
2389 895 1
2389 895 1
2389 895 1
2389 895 1
2389 895 1
2389 895 1
2389 895 1
2389 895 1
2388 895 1
2388 895 1
2388 895 1
2388 895 1
2388 895 1
2388 895 1
2388 895 1
2388 895 1
2387 896 1
2387 896 1
2387 896 1
2387 896 1
2387 896 1
2387 896 1
2387 896 1
2387 896 1
2387 896 1
2386 896 1
2386 896 1
2386 896 1
2386 896 1
2386 896 1
2386 896 1
2386 896 1
2386 896 1
2386 896 1
2386 896 1
2386 896 1
2386 896 1
2386 896 1
2386 896 1
2386 896 1
2386 896 1
2386 896 1
2386 896 1
2386 896 1
2386 896 1
2386 896 1
2386 896 1
2386 896 1
2386 896 1
2386 896 1
2386 896 1
2386 896 1
2386 896 1
2386 896 1
2386 896 1
2386 896 1
2386 896 1
2386 896 1
2386 896 1
2386 896 1
2386 896 1
2386 896 1
2386 896 1
2386 896 1
2386 896 1
2386 896 1
2386 896 1
2386 896 1
2386 896 1
2386 896 1
2386 896 1
2386 896 1
2386 896 1
2386 896 1
2386 896 1
2386 896 1
2386 896 1
2386 896 1
2386 896 1
2384 894 1
2382 892 1
2381 890 1
2379 888 1
2377 886 1
2375 884 1
2373 881 1
2372 879 1
2370 877 1
2368 875 1
2366 873 1
2364 871 1
2362 869 1
2361 867 1
2359 865 1
2357 863 1
2355 861 1
2353 859 1
2351 857 1
2349 855 1
2348 853 1
2346 851 1
2344 849 1
2342 847 1
2340 845 1
2338 843 1
2336 841 1
2334 839 1
2333 837 1
2331 835 1
2329 833 1
2327 831 1
2325 829 1
2323 827 1
2321 825 1
2319 823 1
2317 820 1
2316 818 1
2314 816 1
2312 814 1
2310 812 1
2308 810 1
2306 808 1
2304 806 1
2302 804 1
2300 803 1
2298 801 1
2296 799 1
2295 797 1
2293 795 0
2292 795 0
2292 795 0
2291 795 0
2291 795 0
2290 796 0
2290 796 0
2290 796 0
2289 796 0
2289 796 0
2288 796 0
2288 797 0
2288 797 0
2287 797 0
2287 797 0
2286 797 0
2286 798 0
2285 798 0
2285 798 0
2285 798 0
2284 798 0
2284 799 0
2283 799 0
2283 799 0
2282 799 0
2282 799 0
2282 800 0
2281 800 0
2281 800 0
2280 800 0
2280 801 0
2279 801 0
2279 801 0
2279 801 0
2278 801 0
2278 802 0
2277 802 0
2277 802 0
2276 802 0
2276 802 0
2276 803 0
2275 803 0
2275 803 0
2274 803 0
2274 804 0
2273 804 0
2273 804 0
2273 804 0
2272 804 0
2272 805 0
2271 805 1
2271 805 1
2271 804 1
2271 804 1
2271 804 1
2271 804 1
2270 804 1
2270 803 1
2270 803 1
2270 803 1
2270 803 1
2270 803 1
2270 803 1
2269 802 1
2269 802 1
2269 802 1
2269 802 1
2269 802 1
2269 801 1
2269 801 1
2268 801 1
2268 801 1
2268 801 1
2268 800 1
2268 800 1
2268 800 1
2268 800 1
2267 800 1
2267 799 1
2267 799 1
2267 799 1
2267 799 1
2267 799 1
2267 798 1
2266 798 1
2266 798 1
2266 798 1
2266 798 1
2266 797 1
2266 797 1
2265 797 1
2265 797 1
2265 797 1
2265 796 1
2265 796 1
2265 796 1
2265 796 1
2264 796 1
2264 795 1
2264 795 1
2264 795 1
2264 795 1
2264 795 1
2264 795 1
2264 794 1
2263 794 1
2263 794 1
2263 794 1
2263 794 1
2263 793 1
2263 793 1
2263 793 1
2263 793 1
2263 793 1
2262 793 1
2262 792 1
2262 792 1
2262 792 1
2262 792 1
2262 792 1
2262 791 1
2262 791 1
2262 791 1
2261 791 1
2261 791 1
2261 791 1
2261 790 1
2261 790 1
2261 790 1
2261 790 1
2261 790 1
2261 789 1
2261 789 1
2260 789 1
2260 789 1
2260 789 1
2260 789 1
2260 788 1
2260 788 1
2260 788 1
2260 788 1
2260 788 1
2259 787 1
2259 787 1
2259 787 1
2259 787 1
2259 787 1
2259 787 1
2259 786 1
2259 786 1
2259 786 1
2259 786 1
2259 786 1
2259 786 1
2259 786 1
2259 786 1
2259 785 1
2259 785 1
2259 785 1
2259 785 1
2260 785 1
2260 785 1
2260 785 1
2260 785 1
2260 785 1
2260 785 1
2260 785 1
2260 784 1
2260 784 1
2260 784 1
2261 784 1
2261 784 1
2261 784 1
2261 784 1
2261 784 1
2261 784 1
2261 784 1
2261 784 1
2261 783 1
2261 783 1
2262 783 1
2262 783 1
2262 783 1
2262 783 1
2262 783 1
2262 783 1
2262 783 1
2262 783 1
2262 783 1
2262 782 1
2262 782 1
2263 782 1
2263 782 1
2263 782 1
2263 782 1
2263 782 1
2263 782 1
2263 782 1
2263 782 1
2263 782 1
2263 781 1
2264 781 1
2264 781 1
2264 781 1
2264 781 1
2264 781 1
2264 781 1
2264 781 1
2264 781 1
2265 781 1
2265 781 1
2265 780 1
2265 780 1
2265 780 1
2265 780 1
2265 780 1
2265 780 1
2265 780 1
2266 780 1
2266 780 1
2266 780 1
2266 779 1
2266 779 1
2266 779 1
2266 779 1
2266 779 1
2267 779 1
2267 779 1
2267 779 1
2267 779 1
2267 779 1
2267 778 1
2267 778 1
2267 778 1
2267 778 1
2268 778 1
2268 778 1
2268 778 1
2268 778 1
2268 778 1
2268 778 1
2268 778 1
2268 777 1
2269 777 1
2269 777 1
2269 777 1
2269 777 1
2269 777 1
2269 777 1
2269 777 1
2269 777 1
2269 776 1
2268 776 1
2268 776 1
2268 775 1
2267 775 1
2267 775 1
2266 774 1
2266 774 1
2265 774 1
2265 773 1
2264 773 1
2264 773 1
2264 773 1
2263 772 1
2263 772 1
2262 772 1
2262 771 1
2261 771 1
2261 771 1
2261 770 1
2260 770 1
2260 770 1
2259 769 1
2259 769 1
2258 769 1
2258 768 1
2257 768 1
2257 768 1
2257 767 1
2256 767 1
2256 767 1
2255 766 1
2255 766 1
2254 766 1
2254 766 1
2253 765 1
2253 765 1
2253 765 1
2252 764 1
2252 764 1
2251 764 1
2251 763 1
2250 763 1
2250 763 1
2250 762 1
2249 762 1
2249 762 1
2248 761 1
2248 761 1
2247 761 1
2247 761 1
2247 760 1
2246 760 1
2246 760 1
2245 759 1
2245 759 1
2245 759 1
2244 758 1
2244 758 1
2243 758 1
2243 758 1
2243 757 1
2242 757 1
2242 757 1
2241 756 1
2241 756 1
2241 756 1
2240 756 1
2240 755 1
2239 755 1
2239 755 1
2239 754 1
2238 754 1
2238 754 1
2237 754 1
2237 753 1
2237 753 1
2236 753 1
2236 752 1
2236 752 1
2235 752 1
2235 751 1
2234 751 1
2234 751 1
2234 751 1
2233 750 1
2233 750 1
2232 750 1
2232 749 1
2232 749 1
2231 749 1
2231 749 1
2230 748 1
2230 748 1
2230 748 1
2229 747 1
2229 747 1
2228 747 1
2228 747 1
2228 746 1
2227 746 1
2227 746 1
2227 745 1
2226 745 1
2226 745 1
2226 744 1
2226 744 1
2225 744 1
2225 743 1
2225 743 1
2224 743 1
2224 742 1
2224 742 1
2224 742 1
2223 741 1
2223 741 1
2223 741 1
2222 740 1
2222 740 1
2222 740 1
2222 739 1
2221 739 1
2221 739 1
2221 738 1
2220 738 1
2220 738 1
2220 737 1
2220 737 1
2219 737 1
2219 736 1
2219 736 1
2218 735 1
2218 735 1
2218 735 1
2218 734 1
2217 734 1
2217 734 1
2217 733 1
2216 733 1
2216 733 1
2216 732 1
2216 732 1
2215 732 1
2215 731 1
2215 731 1
2214 731 1
2214 730 1
2214 730 1
2213 730 1
2213 729 1
2213 729 1
2213 729 1
2212 728 1
2212 728 1
2212 728 1
2212 727 1
2211 727 1
2211 727 1
2211 726 1
2211 726 1
2210 726 1
2210 725 1
2210 725 1
2209 725 1
2209 724 1
2209 724 1
2209 724 1
2208 723 1
2208 723 1
2208 722 1
2208 722 1
2207 722 1
2207 721 1
2207 721 1
2206 721 1
2206 720 1
2206 720 1
2206 720 1
2205 719 1
2205 719 1
2205 719 1
2205 718 1
2204 718 1
2204 718 1
2204 717 1
2203 717 1
2203 717 1
2203 716 1
2203 716 1
2202 716 1
2202 715 1
2202 715 1
2202 714 1
2201 714 1
2201 714 1
2201 713 1
2200 713 1
2200 713 1
2200 712 1
2200 712 1
2200 712 1
2201 713 1
2201 713 1
2202 714 1
2203 714 1
2203 715 1
2204 715 1
2205 715 1
2205 716 1
2206 716 1
2206 717 1
2207 717 1
2208 717 1
2208 718 1
2209 718 1
2209 719 1
2210 719 1
2211 719 1
2211 720 1
2212 720 1
2212 721 1
2213 721 1
2214 722 1
2214 722 1
2215 722 1
2215 723 1
2216 723 1
2217 724 1
2217 724 1
2218 724 1
2218 725 1
2219 725 1
2220 726 1
2220 726 1
2221 727 1
2221 727 1
2222 727 1
2223 728 1
2223 728 1
2224 729 1
2224 729 1
2225 730 1
2226 730 1
2226 730 1
2227 731 1
2228 731 1
2228 732 1
2229 732 1
2229 732 1
2230 733 1
2231 733 1
2231 734 1
2232 734 1
2232 735 1
2233 735 1
2234 735 1
2234 736 1
2235 736 1
2236 737 1
2236 737 1
2237 738 1
2237 738 1
2238 738 1
2239 739 1
2239 739 1
2240 740 1
2241 740 1
2241 741 1
2242 741 1
2242 741 1
2243 742 1
2244 742 1
2244 743 1
2245 743 1
2246 744 1
2246 744 1
2247 744 1
2247 745 1
2248 745 1
2249 746 1
2249 746 1
2250 747 1
2251 747 1
2251 747 1
2252 748 1
2252 748 1
2253 749 1
2254 749 1
2254 750 1
2255 750 1
2256 750 1
2256 751 1
2257 751 1
2257 752 1
2258 752 1
2259 753 1
2259 753 1
2260 754 1
2261 754 1
2261 754 1
2261 754 1
2261 753 1
2261 753 1
2260 752 1
2260 751 1
2260 751 1
2260 750 1
2259 750 1
2259 749 1
2259 748 1
2259 748 1
2258 747 1
2258 747 1
2258 746 1
2258 745 1
2257 745 1
2257 744 1
2257 744 1
2257 743 1
2256 742 1
2256 742 1
2256 741 1
2256 740 1
2255 740 1
2255 739 1
2255 739 1
2255 738 1
2254 737 1
2254 737 1
2254 736 1
2254 736 1
2253 735 1
2253 734 1
2253 734 1
2253 733 1
2252 733 1
2252 732 1
2252 731 1
2252 731 1
2251 730 1
2251 729 1
2251 729 1
2251 728 1
2250 728 1
2250 727 1
2250 726 1
2250 726 1
2249 725 1
2249 725 1
2249 724 1
2249 723 1
2248 723 1
2248 722 1
2248 721 1
2248 721 1
2247 720 1
2247 720 1
2247 719 1
2247 718 1
2246 718 1
2246 717 1
2246 717 1
2245 716 1
2245 715 1
2245 715 1
2245 714 1
2244 713 1
2244 713 1
2244 712 1
2244 712 1
2243 711 1
2243 710 1
2243 710 1
2243 709 1
2242 709 1
2242 708 1
2242 707 1
2241 707 1
2241 706 1
2241 705 1
2241 705 1
2240 704 1
2240 704 1
2240 703 1
2240 702 1
2239 702 1
2239 701 1
2239 700 1
2238 700 1
2238 699 1
2238 699 1
2238 698 1
2237 697 1
2237 697 1
2237 696 1
2236 695 1
2236 695 1
2236 694 1
2236 694 1
2235 693 1
2236 693 1
2236 694 1
2236 694 1
2236 694 1
2237 694 1
2237 695 1
2237 695 1
2237 695 1
2238 696 1
2238 696 1
2238 696 1
2239 696 1
2239 697 1
2239 697 1
2239 697 1
2240 698 1
2240 698 1
2240 698 1
2240 698 1
2241 699 1
2241 699 1
2241 699 1
2242 699 1
2242 700 1
2242 700 1
2242 700 1
2243 701 1
2243 701 1
2243 701 1
2243 701 1
2244 702 1
2244 702 1
2244 702 1
2245 703 1
2245 703 1
2245 703 1
2245 703 1
2246 704 1
2246 704 1
2246 704 1
2246 705 1
2247 705 1
2247 705 1
2247 705 1
2247 706 1
2248 706 1
2248 706 1
2248 707 1
2249 707 1
2249 707 1
2249 708 1
2250 708 1
2250 709 1
2250 709 1
2251 710 1
2251 710 1
2251 710 1
2252 711 1
2252 711 1
2252 712 1
2253 712 1
2253 713 1
2253 713 1
2254 714 1
2254 714 1
2254 715 1
2255 715 1
2255 716 1
2255 716 1
2256 717 1
2256 717 1
2256 718 1
2257 718 1
2257 719 1
2257 719 1
2258 720 1
2258 720 1
2258 720 1
2259 721 1
2259 721 1
2259 722 1
2260 722 1
2260 723 1
2260 723 1
2261 724 1
2261 724 1
2261 725 1
2262 725 1
2262 726 1
2262 726 1
2262 727 1
2263 727 1
2263 728 1
2263 728 1
2264 729 1
2264 729 1
2264 730 1
2265 730 1
2265 730 1
2265 731 1
2266 732 1
2266 732 1
2266 733 1
2266 733 1
2267 734 1
2267 734 1
2267 735 1
2268 735 1
2268 736 1
2268 737 1
2268 737 1
2269 738 1
2269 738 1
2269 739 1
2269 739 1
2270 740 1
2270 740 1
2270 741 1
2270 742 1
2271 742 1
2271 743 1
2271 743 1
2271 744 1
2272 744 1
2272 745 1
2272 745 1
2272 746 1
2273 747 1
2273 747 1
2273 748 1
2273 748 1
2274 749 1
2274 749 1
2274 750 1
2274 751 1
2275 751 1
2275 752 1
2275 752 1
2275 753 1
2276 753 1
2276 754 1
2276 754 1
2276 755 1
2277 756 1
2277 756 1
2277 757 1
2277 757 1
2278 758 1
2278 758 1
2278 759 1
2278 759 1
2278 759 1
2278 759 1
2278 760 1
2278 760 1
2279 760 1
2279 760 1
2279 761 1
2279 761 1
2279 761 1
2279 761 1
2279 761 1
2279 762 1
2279 762 1
2279 762 1
2280 762 1
2280 762 1
2280 763 1
2280 763 1
2280 763 1
2280 763 1
2280 763 1
2280 764 1
2280 764 1
2280 764 1
2280 764 1
2281 765 1
2281 765 1
2281 765 1
2281 765 1
2281 765 1
2281 766 1
2281 766 1
2281 766 1
2281 766 1
2281 766 1
2281 767 1
2282 767 1
2282 767 1
2282 767 1
2282 767 1
2282 768 1
2282 768 1
2282 768 1
2282 768 1
2282 769 1
2282 769 1
2283 769 1
2283 769 1
2283 769 1
2283 769 1
2283 769 1
2283 769 1
2283 769 1
2283 769 1
2284 769 1
2284 769 1
2284 769 1
2284 769 1
2284 769 1
2284 769 1
2285 769 1
2285 769 1
2285 769 1
2285 769 1
2285 769 1
2285 769 1
2285 769 1
2286 769 1
2286 769 1
2286 769 1
2286 769 1
2286 769 1
2286 769 1
2287 769 1
2287 769 1
2287 769 1
2287 769 1
2287 769 1
2287 769 1
2287 769 1
2288 769 1
2288 769 1
2288 769 1
2288 769 1
2288 769 1
2288 769 1
2289 769 1
2289 769 1
2289 769 1
2289 769 1
2289 769 1
2289 769 1
2289 769 1
2290 769 1
2290 769 1
2290 769 1
2290 769 1
2290 769 1
2290 769 1
2291 769 1
2291 769 1
2291 769 1
2291 769 1
2291 769 1
2291 769 1
2291 769 1
2292 769 1
2292 769 1
2292 769 1
2292 769 1
2292 769 1
2292 769 1
2292 769 1
2292 769 1
2293 769 1
2293 769 1
2293 769 1
2293 769 1
2293 769 1
2293 769 1
2293 769 1
2294 769 1
2294 769 1
2294 769 1
2294 769 1
2294 769 1
2294 769 1
2294 769 1
2295 769 1
2295 769 1
2295 769 1
2295 769 1
2295 769 1
2295 769 1
2295 769 1
2296 769 1
2296 769 1
2296 769 1
2296 769 1
2296 769 1
2296 769 1
2296 769 1
2297 769 1
2297 769 1
2297 769 1
2297 769 1
2297 769 1
2297 769 1
2297 769 1
2298 769 1
2298 769 1
2298 770 1
2298 770 1
2298 770 1
2298 770 1
2299 770 1
2299 770 1
2299 771 1
2299 771 1
2299 771 1
2299 771 1
2300 771 1
2300 771 1
2300 771 1
2300 772 1
2300 772 1
2300 772 1
2300 772 1
2301 772 1
2301 772 1
2301 773 1
2301 773 1
2301 773 1
2301 773 1
2302 773 1
2302 773 1
2302 773 1
2302 774 1
2302 774 1
2302 774 1
2303 774 1
2303 774 1
2303 774 1
2303 774 1
2303 775 1
2303 775 1
2303 775 1
2304 775 1
2304 775 1
2304 775 1
2304 776 1
2304 776 1
2304 776 1
2305 776 1
2305 776 1
2305 776 1
2305 776 1
2305 777 1
2305 777 1
2306 777 1
2306 777 1
2306 777 1
2306 778 1
2306 778 1
2306 778 1
2306 778 1
2307 778 1
2307 778 1
2307 779 1
2307 779 1
2307 779 1
2307 779 1
2308 779 1
2308 780 1
2308 780 1
2308 780 1
2308 780 1
2308 780 1
2309 781 1
2309 781 1
2309 781 1
2309 781 1
2309 781 1
2309 781 1
2310 782 1
2310 782 1
2310 782 1
2310 782 1
2310 782 1
2310 783 1
2310 783 1
2311 783 1
2311 783 1
2311 783 1
2311 783 1
2311 784 1
2311 784 1
2312 784 1
2312 784 1
2312 784 1
2312 785 1
2312 785 1
2312 785 1
2313 785 1
2313 785 1
2313 786 1
2313 786 1
2313 786 1
2313 786 1
2313 786 1
2313 786 1
2312 787 1
2312 787 1
2311 787 1
2311 787 1
2310 787 1
2310 787 1
2310 787 1
2309 788 1
2309 788 1
2308 788 1
2308 788 1
2308 788 1
2307 788 1
2307 789 1
2306 789 1
2306 789 1
2306 789 1
2305 789 1
2305 789 1
2304 790 1
2304 790 1
2303 790 1
2303 790 1
2303 790 1
2302 790 1
2302 791 1
2301 791 1
2301 791 1
2301 791 1
2300 791 1
2300 791 1
2299 792 1
2299 792 1
2298 792 1
2298 792 1
2298 792 1
2297 793 1
2297 793 1
2296 793 1
2296 793 1
2296 793 1
2295 793 1
2295 794 1
2294 794 1
2294 794 1
2293 794 1
2293 794 1
2293 795 1
2293 795 1
2293 795 1
2293 795 1
2293 795 1
2293 795 1
2293 795 1
2293 795 1
2293 795 1
2293 795 1
2293 795 1
2293 795 1
2293 795 1
2293 795 1
2293 795 1
2293 795 1
2293 795 1
2293 795 1
2293 795 1
2293 795 1
2293 795 1
2293 795 1
2293 795 1
2293 795 1
2293 795 1
2293 795 1
2293 795 1
2293 795 1
2293 795 1
2293 795 1
2293 795 1
2293 795 1
2293 795 1
2293 795 1
2293 795 1
2293 795 1
2293 795 1
2293 795 1
2293 795 1
2293 795 1
2293 795 1
2293 795 1
2293 795 1
2293 795 1
2293 795 1
2293 795 1
2293 795 1
2293 795 1
2293 795 1
2293 795 1
2293 795 1
2291 792 1
2289 789 1
2288 787 1
2286 784 1
2285 782 1
2283 779 1
2281 776 1
2280 774 1
2278 771 1
2276 769 1
2275 766 1
2273 763 1
2271 761 1
2270 758 1
2268 755 1
2266 753 1
2265 750 1
2263 748 1
2261 745 1
2259 742 1
2258 740 1
2256 737 1
2254 735 1
2252 732 1
2251 729 1
2249 727 1
2247 724 1
2245 721 1
2244 719 1
2242 716 1
2240 714 1
2238 711 1
2236 708 1
2234 706 1
2233 703 1
2231 700 1
2229 698 1
2227 695 1
2225 693 1
2223 690 1
2221 687 1
2220 685 1
2218 682 1
2216 679 1
2214 677 1
2212 674 1
2210 671 1
2208 669 1
2206 666 1
2204 663 0
2204 663 0
2204 664 0
2204 664 0
2204 664 0
2204 664 0
2204 664 0
2204 664 0
2204 664 0
2203 664 0
2203 664 0
2203 664 0
2203 664 0
2203 664 0
2203 664 0
2203 664 0
2203 665 0
2203 665 0
2203 665 0
2202 665 0
2202 665 0
2202 665 0
2202 665 0
2202 665 0
2202 665 0
2202 665 0
2202 665 0
2202 665 0
2202 665 0
2202 665 0
2201 665 0
2201 666 0
2201 666 0
2201 666 0
2201 666 0
2201 666 0
2201 666 0
2201 666 0
2201 666 0
2201 666 0
2201 666 0
2200 666 0
2200 666 0
2200 666 0
2200 666 0
2200 667 0
2200 667 0
2200 667 0
2200 667 0
2200 667 0
2200 667 1
2199 666 1
2199 666 1
2198 665 1
2198 665 1
2197 664 1
2197 664 1
2196 663 1
2196 663 1
2195 662 1
2195 661 1
2194 661 1
2194 660 1
2193 660 1
2193 659 1
2193 659 1
2192 658 1
2192 658 1
2191 657 1
2191 657 1
2190 656 1
2190 655 1
2189 655 1
2189 654 1
2188 654 1
2188 653 1
2187 653 1
2187 652 1
2186 652 1
2186 651 1
2185 651 1
2185 650 1
2184 650 1
2184 649 1
2184 648 1
2183 648 1
2183 647 1
2182 647 1
2182 646 1
2181 646 1
2181 645 1
2180 645 1
2180 644 1
2179 644 1
2179 643 1
2178 642 1
2178 642 1
2177 641 1
2177 641 1
2176 640 1
2176 640 1
2176 639 1
2175 639 1
2175 638 1
2174 638 1
2174 638 1
2174 637 1
2173 637 1
2173 636 1
2172 636 1
2172 635 1
2172 635 1
2171 635 1
2171 634 1
2170 634 1
2170 633 1
2170 633 1
2169 632 1
2169 632 1
2168 632 1
2168 631 1
2168 631 1
2167 630 1
2167 630 1
2166 629 1
2166 629 1
2166 629 1
2165 628 1
2165 628 1
2165 627 1
2164 627 1
2164 626 1
2163 626 1
2163 626 1
2163 625 1
2162 625 1
2162 624 1
2161 624 1
2161 623 1
2161 623 1
2160 623 1
2160 622 1
2159 622 1
2159 621 1
2159 621 1
2158 620 1
2158 620 1
2157 620 1
2157 619 1
2157 619 1
2156 618 1
2156 618 1
2156 618 1
2156 618 1
2156 618 1
2156 618 1
2156 618 1
2155 618 1
2155 618 1
2155 618 1
2155 618 1
2155 617 1
2155 617 1
2155 617 1
2155 617 1
2154 617 1
2154 617 1
2154 617 1
2154 617 1
2154 617 1
2154 617 1
2154 617 1
2154 617 1
2153 617 1
2153 616 1
2153 616 1
2153 616 1
2153 616 1
2153 616 1
2153 616 1
2153 616 1
2152 616 1
2152 616 1
2152 616 1
2152 616 1
2152 616 1
2152 616 1
2152 616 1
2152 615 1
2152 615 1
2151 615 1
2151 615 1
2151 615 1
2151 615 1
2151 615 1
2151 615 1
2151 615 1
2151 615 1
2150 615 1
2150 615 1
2150 615 1
2150 615 1
2150 615 1
2150 615 1
2150 615 1
2151 615 1
2151 615 1
2151 616 1
2151 616 1
2151 616 1
2151 616 1
2151 616 1
2151 616 1
2151 616 1
2151 617 1
2151 617 1
2151 617 1
2151 617 1
2152 617 1
2152 617 1
2152 617 1
2152 618 1
2152 618 1
2152 618 1
2152 618 1
2152 618 1
2152 618 1
2152 618 1
2152 619 1
2152 619 1
2152 619 1
2153 619 1
2153 619 1
2153 619 1
2153 619 1
2153 620 1
2153 620 1
2153 620 1
2153 620 1
2153 620 1
2153 620 1
2153 621 1
2153 621 1
2153 621 1
2154 621 1
2154 621 1
2154 621 1
2154 621 1
2154 622 1
2154 622 1
2154 622 1
2154 622 1
2155 623 1
2155 623 1
2156 624 1
2156 624 1
2157 625 1
2157 625 1
2158 626 1
2158 626 1
2158 627 1
2159 627 1
2159 628 1
2160 628 1
2160 629 1
2161 629 1
2161 630 1
2161 630 1
2162 631 1
2162 631 1
2163 632 1
2163 633 1
2164 633 1
2164 634 1
2165 634 1
2165 635 1
2165 635 1
2166 636 1
2166 636 1
2167 637 1
2167 637 1
2168 638 1
2168 638 1
2168 639 1
2169 639 1
2169 640 1
2170 640 1
2170 641 1
2171 641 1
2171 642 1
2172 642 1
2172 643 1
2172 643 1
2173 644 1
2173 644 1
2174 645 1
2174 645 1
2175 646 1
2175 646 1
2175 647 1
2176 647 1
2176 648 1
2177 648 1
2177 649 1
2177 649 1
2178 650 1
2178 650 1
2179 651 1
2179 651 1
2179 651 1
2180 652 1
2180 652 1
2181 653 1
2181 653 1
2181 654 1
2182 654 1
2182 655 1
2182 655 1
2183 656 1
2183 656 1
2184 656 1
2184 657 1
2184 657 1
2185 658 1
2185 658 1
2186 659 1
2186 659 1
2186 660 1
2187 660 1
2187 661 1
2188 661 1
2188 662 1
2188 662 1
2189 662 1
2189 663 1
2189 663 1
2190 664 1
2190 664 1
2191 665 1
2191 665 1
2191 666 1
2192 666 1
2192 667 1
2193 667 1
2193 667 1
2193 668 1
2194 668 1
2194 669 1
2194 669 1
2195 670 1
2195 670 1
2195 671 1
2196 671 1
2196 671 1
2196 671 1
2196 672 1
2196 672 1
2197 672 1
2197 672 1
2197 673 1
2197 673 1
2197 673 1
2197 674 1
2198 674 1
2198 674 1
2198 674 1
2198 675 1
2198 675 1
2199 675 1
2199 676 1
2199 676 1
2199 676 1
2199 676 1
2200 677 1
2200 677 1
2200 677 1
2200 678 1
2200 678 1
2200 678 1
2201 678 1
2201 679 1
2201 679 1
2201 679 1
2201 680 1
2202 680 1
2202 680 1
2202 680 1
2202 681 1
2202 681 1
2202 681 1
2203 682 1
2203 682 1
2203 682 1
2203 682 1
2203 683 1
2204 683 1
2204 683 1
2204 683 1
2204 684 1
2204 684 1
2205 684 1
2205 685 1
2205 685 1
2205 685 1
2205 685 1
2205 685 1
2205 685 1
2205 686 1
2205 686 1
2205 686 1
2205 686 1
2205 686 1
2205 686 1
2205 687 1
2205 687 1
2205 687 1
2205 687 1
2205 687 1
2205 687 1
2205 688 1
2205 688 1
2205 688 1
2205 688 1
2205 688 1
2205 688 1
2205 689 1
2205 689 1
2205 689 1
2205 689 1
2205 689 1
2205 689 1
2205 690 1
2205 690 1
2205 690 1
2205 690 1
2205 690 1
2205 690 1
2205 691 1
2205 691 1
2205 691 1
2205 691 1
2205 691 1
2205 691 1
2205 692 1
2205 692 1
2205 692 1
2205 692 1
2205 692 1
2206 692 1
2206 693 1
2206 693 1
2205 693 1
2205 693 1
2205 693 1
2205 693 1
2205 693 1
2205 694 1
2205 694 1
2205 694 1
2205 694 1
2204 694 1
2204 694 1
2204 694 1
2204 694 1
2204 695 1
2204 695 1
2204 695 1
2204 695 1
2203 695 1
2203 695 1
2203 695 1
2203 695 1
2203 696 1
2203 696 1
2203 696 1
2203 696 1
2203 696 1
2202 696 1
2202 696 1
2202 696 1
2202 697 1
2202 697 1
2202 697 1
2202 697 1
2202 697 1
2202 697 1
2201 697 1
2201 698 1
2201 698 1
2201 698 1
2201 698 1
2201 698 1
2201 698 1
2201 698 1
2200 698 1
2200 699 1
2200 699 1
2200 699 1
2200 699 1
2200 699 1
2200 699 1
2200 699 1
2199 699 1
2199 699 1
2199 699 1
2199 700 1
2199 700 1
2199 700 1
2199 700 1
2198 700 1
2198 700 1
2198 700 1
2198 700 1
2198 700 1
2198 700 1
2198 700 1
2197 700 1
2197 700 1
2197 700 1
2197 701 1
2197 701 1
2197 701 1
2197 701 1
2196 701 1
2196 701 1
2196 701 1
2196 701 1
2196 701 1
2196 701 1
2196 701 1
2195 701 1
2195 701 1
2195 702 1
2195 702 1
2195 702 1
2195 702 1
2195 702 1
2194 702 1
2194 702 1
2194 702 1
2194 702 1
2194 702 1
2194 702 1
2193 702 1
2193 702 1
2193 702 1
2193 703 1
2193 703 1
2193 703 1
2193 703 1
2192 703 1
2192 703 1
2192 703 1
2192 702 1
2192 702 1
2192 702 1
2192 702 1
2192 702 1
2191 702 1
2191 702 1
2191 702 1
2191 701 1
2191 701 1
2191 701 1
2191 701 1
2190 701 1
2190 701 1
2190 701 1
2190 701 1
2190 701 1
2190 700 1
2190 700 1
2189 700 1
2189 700 1
2189 700 1
2189 700 1
2189 700 1
2189 700 1
2189 699 1
2188 699 1
2188 699 1
2188 699 1
2188 699 1
2188 699 1
2188 699 1
2188 699 1
2188 698 1
2187 698 1
2187 698 1
2187 698 1
2187 698 1
2187 698 1
2187 698 1
2187 698 1
2186 697 1
2186 697 1
2186 697 1
2186 697 1
2186 697 1
2186 697 1
2186 697 1
2186 696 1
2185 696 1
2185 696 1
2185 696 1
2185 696 1
2185 696 1
2185 696 1
2185 695 1
2185 695 1
2185 695 1
2185 695 1
2184 695 1
2184 695 1
2184 695 1
2184 694 1
2184 694 1
2184 694 1
2184 694 1
2184 694 1
2184 694 1
2184 693 1
2183 693 1
2183 693 1
2183 693 1
2183 693 1
2183 693 1
2183 693 1
2183 692 1
2183 692 1
2183 692 1
2183 692 1
2182 692 1
2182 692 1
2182 691 1
2182 691 1
2182 691 1
2182 691 1
2182 691 1
2182 691 1
2182 691 1
2182 690 1
2181 690 1
2181 690 1
2181 690 1
2181 690 1
2181 690 1
2181 689 1
2181 689 1
2181 689 1
2181 689 1
2181 689 1
2181 689 1
2181 689 1
2181 689 1
2181 688 1
2181 688 1
2181 688 1
2181 688 1
2181 688 1
2181 688 1
2181 688 1
2181 688 1
2181 688 1
2181 687 1
2181 687 1
2182 687 1
2182 687 1
2182 687 1
2182 687 1
2182 687 1
2182 687 1
2182 687 1
2182 686 1
2182 686 1
2182 686 1
2182 686 1
2182 686 1
2182 686 1
2182 686 1
2182 686 1
2182 686 1
2182 685 1
2182 685 1
2183 685 1
2183 685 1
2183 685 1
2183 685 1
2183 685 1
2183 685 1
2183 685 1
2183 684 1
2183 684 1
2183 684 1
2183 684 1
2183 684 1
2183 684 1
2183 684 1
2183 684 1
2183 684 1
2183 683 1
2184 683 1
2184 683 1
2184 683 1
2184 683 1
2184 683 1
2184 683 1
2184 683 1
2184 683 1
2184 682 1
2184 682 1
2184 682 1
2185 682 1
2185 682 1
2185 682 1
2185 682 1
2185 682 1
2185 682 1
2185 682 1
2185 681 1
2185 681 1
2185 681 1
2185 681 1
2186 681 1
2186 681 1
2186 681 1
2186 681 1
2186 681 1
2186 681 1
2186 680 1
2186 680 1
2186 680 1
2186 680 1
2186 680 1
2187 680 1
2187 680 1
2187 680 1
2187 680 1
2187 680 1
2187 679 1
2187 679 1
2187 679 1
2187 679 1
2187 679 1
2187 679 1
2187 679 1
2188 679 1
2188 679 1
2188 679 1
2188 678 1
2188 678 1
2187 678 1
2187 677 1
2187 677 1
2186 676 1
2186 676 1
2185 675 1
2185 675 1
2184 674 1
2184 673 1
2183 673 1
2183 672 1
2182 672 1
2182 671 1
2182 671 1
2181 670 1
2181 670 1
2180 669 1
2180 668 1
2179 668 1
2179 667 1
2178 667 1
2178 666 1
2177 666 1
2177 665 1
2177 665 1
2176 664 1
2176 664 1
2175 663 1
2175 662 1
2174 662 1
2174 661 1
2173 661 1
2173 660 1
2172 660 1
2172 659 1
2171 659 1
2171 658 1
2171 658 1
2170 657 1
2170 656 1
2169 656 1
2169 655 1
2168 655 1
2168 654 1
2167 654 1
2167 653 1
2166 653 1
2166 652 1
2165 652 1
2165 651 1
2165 650 1
2164 650 1
2164 649 1
2163 649 1
2163 648 1
2162 648 1
2162 647 1
2161 647 1
2161 646 1
2160 646 1
2160 645 1
2159 645 1
2159 644 1
2159 643 1
2158 643 1
2158 642 1
2157 642 1
2157 641 1
2156 641 1
2156 640 1
2155 640 1
2155 639 1
2154 639 1
2154 638 1
2153 637 1
2153 637 1
2152 636 1
2152 636 1
2152 635 1
2151 635 1
2151 634 1
2150 634 1
2150 633 1
2149 633 1
2149 632 1
2148 631 1
2148 631 1
2147 630 1
2147 630 1
2146 629 1
2146 629 1
2145 628 1
2145 628 1
2144 627 1
2144 627 1
2144 626 1
2143 626 1
2143 625 1
2142 624 1
2142 624 1
2142 624 1
2141 624 1
2141 624 1
2141 624 1
2141 624 1
2141 624 1
2141 624 1
2141 625 1
2141 625 1
2141 625 1
2140 625 1
2140 625 1
2140 625 1
2140 625 1
2140 625 1
2140 625 1
2140 625 1
2140 625 1
2140 625 1
2140 625 1
2139 626 1
2139 626 1
2139 626 1
2139 626 1
2139 626 1
2139 626 1
2139 626 1
2139 626 1
2139 626 1
2138 626 1
2138 626 1
2138 626 1
2138 627 1
2138 627 1
2138 627 1
2138 627 1
2138 627 1
2138 627 1
2137 627 1
2137 627 1
2137 627 1
2137 627 1
2137 627 1
2137 627 1
2137 627 1
2137 628 1
2137 628 1
2136 628 1
2136 628 1
2136 628 1
2136 628 1
2136 628 1
2136 628 1
2136 628 1
2136 628 1
2136 628 1
2135 628 1
2135 628 1
2135 628 1
2135 628 1
2135 628 1
2135 628 1
2135 628 1
2135 628 1
2134 629 1
2134 629 1
2134 629 1
2134 629 1
2134 629 1
2134 629 1
2134 629 1
2134 629 1
2134 629 1
2133 629 1
2133 629 1
2133 629 1
2133 629 1
2133 629 1
2133 629 1
2133 629 1
2133 629 1
2132 629 1
2132 629 1
2132 629 1
2132 629 1
2132 629 1
2132 629 1
2132 629 1
2132 630 1
2131 630 1
2131 630 1
2131 630 1
2131 630 1
2131 630 1
2131 630 1
2131 630 1
2131 630 1
2131 630 1
2130 630 1
2130 630 1
2130 630 1
2130 630 1
2130 630 1
2130 630 1
2130 629 1
2129 629 1
2129 629 1
2129 629 1
2129 629 1
2129 629 1
2129 629 1
2128 628 1
2128 628 1
2128 628 1
2128 628 1
2128 628 1
2128 628 1
2127 628 1
2127 628 1
2127 627 1
2127 627 1
2127 627 1
2127 627 1
2127 627 1
2126 627 1
2126 627 1
2126 627 1
2126 626 1
2126 626 1
2126 626 1
2125 626 1
2125 626 1
2125 626 1
2125 626 1
2125 626 1
2125 625 1
2125 625 1
2124 625 1
2124 625 1
2124 625 1
2124 625 1
2124 625 1
2124 625 1
2123 624 1
2123 624 1
2123 624 1
2123 624 1
2123 624 1
2123 624 1
2122 624 1
2122 624 1
2122 623 1
2122 623 1
2122 623 1
2122 623 1
2121 623 1
2121 623 1
2121 622 1
2121 622 1
2121 622 1
2121 622 1
2121 622 1
2120 622 1
2120 621 1
2120 621 1
2120 621 1
2120 621 1
2120 621 1
2119 621 1
2119 620 1
2119 620 1
2119 620 1
2119 620 1
2119 620 1
2118 620 1
2118 619 1
2118 619 1
2118 619 1
2118 619 1
2118 619 1
2117 619 1
2117 618 1
2117 618 1
2117 618 1
2117 618 1
2117 618 1
2116 618 1
2116 617 1
2116 617 1
2116 617 1
2116 617 1
2116 617 1
2115 617 1
2115 616 1
2115 616 1
2115 616 1
2115 616 1
2115 616 1
2114 616 1
2114 615 1
2114 615 1
2115 615 1
2115 615 1
2115 614 1
2115 614 1
2116 614 1
2116 614 1
2116 613 1
2116 613 1
2117 613 1
2117 613 1
2117 612 1
2117 612 1
2117 612 1
2118 612 1
2118 611 1
2118 611 1
2118 611 1
2119 611 1
2119 610 1
2119 610 1
2119 610 1
2120 610 1
2120 609 1
2120 609 1
2120 609 1
2120 608 1
2121 608 1
2121 608 1
2121 608 1
2121 607 1
2122 607 1
2122 607 1
2122 607 1
2122 606 1
2122 606 1
2123 606 1
2123 606 1
2123 605 1
2123 605 1
2124 605 1
2124 605 1
2124 604 1
2124 604 1
2124 604 1
2125 604 1
2125 603 1
2125 603 1
2125 603 1
2125 603 1
2126 603 1
2126 602 1
2126 602 1
2126 602 1
2126 602 1
2127 602 1
2127 601 1
2127 601 1
2127 601 1
2127 601 1
2128 601 1
2128 600 1
2128 600 1
2128 600 1
2128 600 1
2129 600 1
2129 600 1
2129 599 1
2129 599 1
2129 599 1
2130 599 1
2130 599 1
2130 598 1
2130 598 1
2130 598 1
2131 598 1
2131 598 1
2131 598 1
2131 597 1
2131 597 1
2132 597 1
2132 597 1
2132 597 1
2132 596 1
2132 596 1
2132 596 1
2133 596 1
2133 596 1
2133 596 1
2133 595 1
2133 595 1
2134 595 1
2134 595 1
2134 595 1
2134 594 1
2134 594 1
2135 594 1
2135 594 1
2135 594 1
2135 594 1
2135 594 1
2136 594 1
2136 594 1
2136 594 1
2136 594 1
2136 594 1
2136 594 1
2137 594 1
2137 593 1
2137 593 1
2137 593 1
2137 593 1
2138 593 1
2138 593 1
2138 593 1
2138 593 1
2138 593 1
2138 593 1
2139 593 1
2139 593 1
2139 593 1
2139 593 1
2139 593 1
2140 593 1
2140 593 1
2140 593 1
2140 593 1
2140 593 1
2140 593 1
2141 593 1
2141 593 1
2141 593 1
2141 593 1
2141 593 1
2142 593 1
2142 593 1
2142 593 1
2142 593 1
2142 593 1
2142 593 1
2143 593 1
2143 593 1
2143 593 1
2143 593 1
2143 593 1
2144 593 1
2144 593 1
2144 593 1
2144 593 1
2144 593 1
2144 594 1
2145 594 1
2145 594 1
2145 594 1
2146 594 1
2146 595 1
2146 595 1
2146 595 1
2147 595 1
2147 596 1
2147 596 1
2147 596 1
2148 596 1
2148 596 1
2148 597 1
2149 597 1
2149 597 1
2149 597 1
2149 597 1
2150 598 1
2150 598 1
2150 598 1
2150 598 1
2151 599 1
2151 599 1
2151 599 1
2151 599 1
2152 599 1
2152 600 1
2152 600 1
2153 600 1
2153 600 1
2153 600 1
2153 601 1
2154 601 1
2154 601 1
2154 601 1
2154 602 1
2155 602 1
2155 602 1
2155 602 1
2156 602 1
2156 603 1
2156 603 1
2156 603 1
2157 603 1
2157 604 1
2157 604 1
2157 604 1
2158 604 1
2158 605 1
2159 605 1
2159 606 1
2159 606 1
2160 607 1
2160 607 1
2161 607 1
2161 608 1
2162 608 1
2162 609 1
2163 609 1
2163 610 1
2164 610 1
2164 611 1
2164 611 1
2165 612 1
2165 612 1
2166 613 1
2166 613 1
2167 614 1
2167 614 1
2168 615 1
2168 615 1
2168 616 1
2169 616 1
2169 617 1
2170 617 1
2170 617 1
2171 618 1
2171 618 1
2172 619 1
2172 619 1
2172 620 1
2173 620 1
2173 621 1
2174 621 1
2174 622 1
2175 622 1
2175 623 1
2176 623 1
2176 624 1
2176 624 1
2177 625 1
2177 625 1
2178 626 1
2178 626 1
2179 627 1
2179 627 1
2180 627 1
2180 628 1
2181 629 1
2181 629 1
2182 630 1
2182 631 1
2183 631 1
2184 632 1
2184 632 1
2185 633 1
2185 634 1
2186 634 1
2186 635 1
2187 636 1
2188 636 1
2188 637 1
2189 638 1
2189 638 1
2190 639 1
2190 639 1
2191 640 1
2192 641 1
2192 641 1
2193 642 1
2193 643 1
2194 643 1
2195 644 1
2195 645 1
2196 645 1
2196 646 1
2197 647 1
2197 647 1
2198 648 1
2199 648 1
2199 649 1
2200 650 1
2200 650 1
2201 651 1
2201 652 1
2202 652 1
2203 653 1
2203 654 1
2204 654 1
2204 655 1
2205 655 1
2205 656 1
2206 657 1
2207 657 1
2207 658 1
2208 659 1
2208 659 1
2209 660 1
2209 660 1
2209 660 1
2209 660 1
2209 660 1
2208 660 1
2208 660 1
2208 660 1
2208 661 1
2208 661 1
2208 661 1
2208 661 1
2208 661 1
2208 661 1
2208 661 1
2208 661 1
2207 661 1
2207 661 1
2207 661 1
2207 661 1
2207 661 1
2207 661 1
2207 661 1
2207 662 1
2207 662 1
2207 662 1
2206 662 1
2206 662 1
2206 662 1
2206 662 1
2206 662 1
2206 662 1
2206 662 1
2206 662 1
2206 662 1
2206 662 1
2206 662 1
2205 662 1
2205 663 1
2205 663 1
2205 663 1
2205 663 1
2205 663 1
2205 663 1
2205 663 1
2205 663 1
2205 663 1
2205 663 1
2204 663 1
2204 663 1
2204 663 1
2204 663 1
2204 663 1
2204 663 1
2204 663 1
2204 663 1
2204 663 1
2204 663 1
2204 663 1
2204 663 1
2204 663 1
2204 663 1
2204 663 1
2204 663 1
2204 663 1
2204 663 1
2204 663 1
2204 663 1
2204 663 1
2204 663 1
2204 663 1
2204 663 1
2204 663 1
2204 663 1
2204 663 1
2204 663 1
2204 663 1
2204 663 1
2204 663 1
2204 663 1
2204 663 1
2204 663 1
2204 663 1
2204 663 1
2204 663 1
2204 663 1
2204 663 1
2204 663 1
2204 663 1
2204 663 1
2204 663 1
2204 663 1
2204 663 1
2204 663 1
2204 663 1
2204 663 1
2204 663 1
2204 663 1
2204 663 1
2204 663 1
2204 663 1
2203 662 1
2202 660 1
2200 658 1
2199 657 1
2197 655 1
2196 653 1
2195 651 1
2193 650 1
2192 648 1
2190 646 1
2189 645 1
2188 643 1
2186 641 1
2185 639 1
2184 638 1
2182 636 1
2181 634 1
2179 632 1
2178 631 1
2177 629 1
2175 627 1
2174 626 1
2172 624 1
2171 622 1
2170 620 1
2168 619 1
2167 617 1
2165 615 1
2164 614 1
2162 612 1
2161 610 1
2160 608 1
2158 607 1
2157 605 1
2155 603 1
2154 602 1
2152 600 1
2151 598 1
2150 596 1
2148 595 1
2147 593 1
2145 591 1
2144 590 1
2142 588 1
2141 586 1
2140 584 1
2138 583 1
2137 581 1
2135 579 1
2134 578 0
2134 578 0
2133 578 0
2133 578 0
2133 579 0
2133 579 0
2133 579 0
2133 579 0
2132 580 0
2132 580 0
2132 580 0
2132 581 0
2132 581 0
2132 581 0
2131 581 0
2131 582 0
2131 582 0
2131 582 0
2131 582 0
2131 583 0
2130 583 0
2130 583 0
2130 584 0
2130 584 0
2130 584 0
2130 584 0
2129 585 0
2129 585 0
2129 585 0
2129 586 0
2129 586 0
2129 586 0
2128 586 0
2128 587 0
2128 587 0
2128 587 0
2128 587 0
2128 588 0
2127 588 0
2127 588 0
2127 589 0
2127 589 0
2127 589 0
2127 589 0
2126 590 0
2126 590 0
2126 590 0
2126 591 0
2126 591 0
2125 591 0
2125 591 1
2125 592 1
2125 592 1
2124 592 1
2124 592 1
2124 592 1
2124 593 1
2123 593 1
2123 593 1
2123 593 1
2122 594 1
2122 594 1
2122 594 1
2121 594 1
2121 594 1
2121 595 1
2120 595 1
2120 595 1
2120 595 1
2120 595 1
2119 596 1
2119 596 1
2119 596 1
2118 596 1
2118 597 1
2118 597 1
2117 597 1
2117 597 1
2117 597 1
2117 598 1
2116 598 1
2116 598 1
2116 598 1
2115 598 1
2115 599 1
2115 599 1
2114 599 1
2114 599 1
2114 600 1
2113 600 1
2113 600 1
2113 600 1
2112 601 1
2112 601 1
2112 601 1
2112 601 1
2111 601 1
2111 602 1
2111 602 1
2110 602 1
2110 602 1
2110 602 1
2110 602 1
2110 602 1
2109 602 1
2109 602 1
2109 602 1
2109 602 1
2109 602 1
2109 602 1
2109 602 1
2109 602 1
2108 602 1
2108 602 1
2108 602 1
2108 602 1
2108 602 1
2108 602 1
2108 602 1
2107 602 1
2107 602 1
2107 602 1
2107 602 1
2107 601 1
2107 601 1
2107 601 1
2107 601 1
2106 601 1
2106 601 1
2106 601 1
2106 601 1
2106 601 1
2106 601 1
2106 601 1
2105 601 1
2105 601 1
2105 601 1
2105 601 1
2105 601 1
2105 601 1
2105 601 1
2105 601 1
2104 601 1
2104 601 1
2104 601 1
2104 601 1
2104 601 1
2104 601 1
2104 601 1
2103 601 1
2103 600 1
2103 600 1
2103 600 1
2103 600 1
2103 600 1
2103 600 1
2102 600 1
2102 600 1
2102 599 1
2102 599 1
2102 599 1
2102 599 1
2101 599 1
2101 599 1
2101 599 1
2101 598 1
2101 598 1
2101 598 1
2100 598 1
2100 598 1
2100 598 1
2100 598 1
2100 597 1
2100 597 1
2099 597 1
2099 597 1
2099 597 1
2099 597 1
2099 597 1
2099 597 1
2098 596 1
2098 596 1
2098 596 1
2098 596 1
2098 596 1
2098 596 1
2097 596 1
2097 595 1
2097 595 1
2097 595 1
2097 595 1
2097 595 1
2096 595 1
2096 595 1
2096 594 1
2096 594 1
2096 594 1
2096 594 1
2096 594 1
2095 594 1
2095 594 1
2095 593 1
2095 593 1
2095 593 1
2094 593 1
2094 592 1
2094 592 1
2094 592 1
2094 592 1
2094 591 1
2093 591 1
2093 591 1
2093 591 1
2093 590 1
2093 590 1
2092 590 1
2092 590 1
2092 589 1
2092 589 1
2092 589 1
2091 588 1
2091 588 1
2091 588 1
2091 588 1
2091 587 1
2091 587 1
2090 587 1
2090 587 1
2090 586 1
2090 586 1
2090 586 1
2089 586 1
2089 585 1
2089 585 1
2089 585 1
2089 585 1
2089 584 1
2088 584 1
2088 584 1
2088 584 1
2088 583 1
2088 583 1
2087 583 1
2087 582 1
2087 582 1
2087 582 1
2087 582 1
2086 581 1
2086 581 1
2086 581 1
2086 581 1
2086 580 1
2085 579 1
2085 579 1
2085 578 1
2085 578 1
2085 577 1
2084 576 1
2084 576 1
2084 575 1
2084 575 1
2083 574 1
2083 573 1
2083 573 1
2083 572 1
2082 572 1
2082 571 1
2082 570 1
2082 570 1
2082 569 1
2081 569 1
2081 568 1
2081 567 1
2081 567 1
2080 566 1
2080 566 1
2080 565 1
2080 564 1
2079 564 1
2079 563 1
2079 563 1
2079 562 1
2078 561 1
2078 561 1
2078 560 1
2078 560 1
2077 559 1
2077 558 1
2077 558 1
2077 557 1
2076 556 1
2076 556 1
2076 555 1
2076 555 1
2075 554 1
2075 553 1
2075 553 1
2075 552 1
2074 552 1
2074 551 1
2074 550 1
2074 550 1
2073 549 1
2073 548 1
2073 548 1
2073 547 1
2072 546 1
2072 546 1
2072 545 1
2072 544 1
2071 543 1
2071 543 1
2071 542 1
2070 541 1
2070 541 1
2070 540 1
2070 539 1
2069 539 1
2069 538 1
2069 537 1
2069 536 1
2068 536 1
2068 535 1
2068 534 1
2067 534 1
2067 533 1
2067 532 1
2067 532 1
2066 531 1
2066 530 1
2066 529 1
2065 529 1
2065 528 1
2065 527 1
2065 527 1
2064 526 1
2064 525 1
2064 525 1
2063 524 1
2063 523 1
2063 522 1
2062 522 1
2062 521 1
2062 520 1
2062 520 1
2061 519 1
2061 518 1
2061 518 1
2060 517 1
2060 516 1
2060 515 1
2060 516 1
2060 516 1
2059 516 1
2059 516 1
2059 517 1
2059 517 1
2059 517 1
2059 517 1
2058 518 1
2058 518 1
2058 518 1
2058 518 1
2058 518 1
2058 519 1
2057 519 1
2057 519 1
2057 519 1
2057 520 1
2057 520 1
2057 520 1
2056 520 1
2056 521 1
2056 521 1
2056 521 1
2056 521 1
2056 522 1
2055 522 1
2055 522 1
2055 522 1
2055 522 1
2055 523 1
2055 523 1
2055 523 1
2054 523 1
2054 524 1
2054 524 1
2054 524 1
2054 524 1
2054 525 1
2053 525 1
2053 525 1
2053 525 1
2053 526 1
2053 526 1
2053 526 1
2052 526 1
2052 527 1
2052 527 1
2052 527 1
2052 527 1
2051 528 1
2051 528 1
2051 528 1
2051 528 1
2051 528 1
2051 529 1
2050 529 1
2050 529 1
2050 529 1
2050 530 1
2050 530 1
2050 530 1
2049 530 1
2049 531 1
2049 531 1
2049 531 1
2049 531 1
2049 532 1
2048 532 1
2048 532 1
2048 532 1
2048 533 1
2048 533 1
2048 533 1
2047 533 1
2047 534 1
2047 534 1
2047 534 1
2047 534 1
2046 535 1
2046 535 1
2046 535 1
2046 535 1
2046 536 1
2046 536 1
2045 536 1
2045 536 1
2045 537 1
2045 537 1
2045 537 1
2044 537 1
2044 538 1
2044 538 1
2044 538 1
2044 538 1
2044 539 1
2043 539 1
2043 539 1
2043 539 1
2043 540 1
2043 539 1
2043 539 1
2042 539 1
2042 539 1
2042 539 1
2042 539 1
2042 539 1
2042 538 1
2042 538 1
2041 538 1
2041 538 1
2041 538 1
2041 538 1
2041 537 1
2041 537 1
2041 537 1
2040 537 1
2040 537 1
2040 537 1
2040 537 1
2040 536 1
2040 536 1
2039 536 1
2039 536 1
2039 536 1
2039 536 1
2039 536 1
2039 535 1
2039 535 1
2038 535 1
2038 535 1
2038 535 1
2038 535 1
2038 534 1
2038 534 1
2038 534 1
2037 534 1
2037 534 1
2037 534 1
2037 534 1
2037 533 1
2037 533 1
2037 533 1
2036 533 1
2036 533 1
2036 533 1
2036 533 1
2036 532 1
2036 532 1
2035 532 1
2035 532 1
2035 532 1
2035 532 1
2035 532 1
2035 531 1
2035 531 1
2034 531 1
2034 531 1
2034 531 1
2034 531 1
2034 530 1
2034 530 1
2034 530 1
2033 530 1
2033 530 1
2033 530 1
2033 530 1
2033 529 1
2033 529 1
2033 529 1
2032 529 1
2032 529 1
2032 529 1
2032 529 1
2032 528 1
2032 528 1
2031 528 1
2031 528 1
2031 528 1
2031 528 1
2031 527 1
2031 527 1
2031 527 1
2030 527 1
2030 527 1
2030 527 1
2030 527 1
2030 526 1
2030 526 1
2030 526 1
2029 526 1
2029 526 1
2029 526 1
2029 526 1
2029 525 1
2029 525 1
2029 525 1
2028 525 1
2028 525 1
2028 525 1
2028 524 1
2029 524 1
2029 524 1
2029 523 1
2029 523 1
2029 523 1
2030 522 1
2030 522 1
2030 522 1
2030 521 1
2030 521 1
2031 520 1
2031 520 1
2031 520 1
2031 519 1
2031 519 1
2032 519 1
2032 518 1
2032 518 1
2032 518 1
2032 517 1
2033 517 1
2033 517 1
2033 516 1
2033 516 1
2033 516 1
2034 515 1
2034 515 1
2034 515 1
2034 514 1
2034 514 1
2035 514 1
2035 513 1
2035 513 1
2035 512 1
2035 512 1
2035 512 1
2036 511 1
2036 511 1
2036 511 1
2036 510 1
2036 510 1
2037 510 1
2037 509 1
2037 509 1
2037 509 1
2037 508 1
2038 508 1
2038 508 1
2038 507 1
2038 507 1
2038 507 1
2038 507 1
2039 506 1
2039 506 1
2039 506 1
2039 505 1
2039 505 1
2040 505 1
2040 505 1
2040 504 1
2040 504 1
2040 504 1
2040 503 1
2041 503 1
2041 503 1
2041 503 1
2041 502 1
2041 502 1
2041 502 1
2042 502 1
2042 501 1
2042 501 1
2042 501 1
2042 500 1
2042 500 1
2043 500 1
2043 500 1
2043 499 1
2043 499 1
2043 499 1
2044 499 1
2044 498 1
2044 498 1
2044 498 1
2044 498 1
2044 497 1
2045 497 1
2045 497 1
2045 496 1
2045 496 1
2045 496 1
2045 496 1
2046 495 1
2046 495 1
2046 495 1
2046 495 1
2046 494 1
2046 494 1
2046 494 1
2047 494 1
2047 494 1
2047 494 1
2047 494 1
2047 494 1
2047 494 1
2048 494 1
2048 494 1
2048 494 1
2048 494 1
2048 494 1
2048 494 1
2048 494 1
2049 494 1
2049 494 1
2049 494 1
2049 494 1
2049 494 1
2049 494 1
2049 494 1
2050 494 1
2050 494 1
2050 494 1
2050 494 1
2050 494 1
2050 494 1
2050 494 1
2051 494 1
2051 494 1
2051 494 1
2051 494 1
2051 494 1
2051 494 1
2051 494 1
2052 494 1
2052 494 1
2052 494 1
2052 494 1
2052 494 1
2052 494 1
2052 494 1
2053 494 1
2053 494 1
2053 494 1
2053 494 1
2053 494 1
2053 494 1
2053 494 1
2054 494 1
2054 494 1
2054 495 1
2054 495 1
2054 495 1
2055 495 1
2055 495 1
2055 495 1
2055 496 1
2056 496 1
2056 496 1
2056 496 1
2056 496 1
2057 497 1
2057 497 1
2057 497 1
2057 497 1
2058 497 1
2058 497 1
2058 498 1
2058 498 1
2059 498 1
2059 498 1
2059 498 1
2059 498 1
2060 499 1
2060 499 1
2060 499 1
2060 499 1
2061 499 1
2061 500 1
2061 500 1
2061 500 1
2062 500 1
2062 500 1
2062 500 1
2062 501 1
2063 501 1
2063 501 1
2063 501 1
2063 501 1
2063 502 1
2064 502 1
2064 502 1
2064 502 1
2064 502 1
2065 502 1
2065 503 1
2065 503 1
2065 503 1
2066 503 1
2066 503 1
2066 504 1
2067 505 1
2067 506 1
2068 507 1
2068 508 1
2068 509 1
2069 509 1
2069 510 1
2070 511 1
2070 512 1
2071 513 1
2071 514 1
2071 514 1
2072 515 1
2072 516 1
2073 517 1
2073 518 1
2074 519 1
2074 519 1
2074 520 1
2075 521 1
2075 522 1
2076 523 1
2076 524 1
2076 525 1
2077 525 1
2077 526 1
2078 527 1
2078 528 1
2078 529 1
2079 530 1
2079 530 1
2080 531 1
2080 532 1
2080 533 1
2081 534 1
2081 535 1
2082 535 1
2082 536 1
2082 537 1
2083 538 1
2083 539 1
2084 540 1
2084 540 1
2084 541 1
2085 542 1
2085 543 1
2086 544 1
2086 545 1
2086 545 1
2087 546 1
2087 547 1
2087 548 1
2088 548 1
2088 549 1
2088 550 1
2088 551 1
2089 551 1
2089 552 1
2089 553 1
2090 553 1
2090 554 1
2090 555 1
2090 556 1
2091 556 1
2091 557 1
2091 558 1
2091 559 1
2092 559 1
2092 560 1
2092 561 1
2093 561 1
2093 562 1
2093 563 1
2093 564 1
2094 564 1
2094 565 1
2094 566 1
2094 566 1
2095 567 1
2095 568 1
2095 569 1
2096 569 1
2096 570 1
2096 571 1
2096 572 1
2097 572 1
2097 573 1
2097 574 1
2097 574 1
2098 575 1
2098 576 1
2098 577 1
2098 577 1
2099 578 1
2099 579 1
2099 579 1
2099 580 1
2100 581 1
2100 582 1
2100 581 1
2100 581 1
2100 581 1
2101 581 1
2101 581 1
2101 580 1
2101 580 1
2101 580 1
2102 580 1
2102 579 1
2102 579 1
2102 579 1
2102 579 1
2103 579 1
2103 578 1
2103 578 1
2103 578 1
2103 578 1
2104 577 1
2104 577 1
2104 577 1
2104 577 1
2104 577 1
2105 576 1
2105 576 1
2105 576 1
2105 576 1
2105 576 1
2106 575 1
2106 575 1
2106 575 1
2106 575 1
2106 574 1
2107 574 1
2107 574 1
2107 574 1
2107 574 1
2107 573 1
2108 573 1
2108 573 1
2108 573 1
2108 573 1
2108 572 1
2108 572 1
2109 572 1
2109 572 1
2109 572 1
2109 571 1
2109 571 1
2110 571 1
2110 571 1
2110 571 1
2110 570 1
2110 570 1
2110 570 1
2111 570 1
2111 570 1
2111 570 1
2111 569 1
2111 569 1
2112 569 1
2112 569 1
2112 569 1
2112 569 1
2112 569 1
2112 568 1
2113 568 1
2113 568 1
2113 568 1
2113 568 1
2113 568 1
2114 567 1
2114 567 1
2114 567 1
2114 567 1
2114 567 1
2114 567 1
2115 566 1
2115 566 1
2115 566 1
2115 566 1
2115 566 1
2115 566 1
2116 566 1
2116 565 1
2116 565 1
2116 565 1
2116 565 1
2117 565 1
2117 565 1
2117 564 1
2117 564 1
2117 564 1
2117 564 1
2118 564 1
2118 564 1
2118 564 1
2118 563 1
2118 563 1
2118 563 1
2119 563 1
2119 563 1
2119 563 1
2119 563 1
2119 564 1
2119 564 1
2119 564 1
2120 564 1
2120 564 1
2120 564 1
2120 564 1
2120 564 1
2120 564 1
2120 564 1
2121 564 1
2121 565 1
2121 565 1
2121 565 1
2121 565 1
2121 565 1
2121 565 1
2122 565 1
2122 565 1
2122 565 1
2122 565 1
2122 565 1
2122 566 1
2122 566 1
2123 566 1
2123 566 1
2123 566 1
2123 566 1
2123 566 1
2123 566 1
2123 566 1
2124 566 1
2124 567 1
2124 567 1
2124 567 1
2124 567 1
2124 567 1
2125 567 1
2125 567 1
2125 567 1
2125 567 1
2125 567 1
2125 567 1
2125 568 1
2126 568 1
2126 568 1
2126 568 1
2126 568 1
2126 568 1
2126 569 1
2126 569 1
2127 569 1
2127 569 1
2127 569 1
2127 569 1
2127 570 1
2127 570 1
2128 570 1
2128 570 1
2128 570 1
2128 571 1
2128 571 1
2128 571 1
2129 571 1
2129 571 1
2129 572 1
2129 572 1
2129 572 1
2129 572 1
2130 572 1
2130 573 1
2130 573 1
2130 573 1
2130 573 1
2130 573 1
2131 574 1
2131 574 1
2131 574 1
2131 574 1
2131 574 1
2131 575 1
2131 575 1
2132 575 1
2132 575 1
2132 575 1
2132 576 1
2132 576 1
2132 576 1
2133 576 1
2133 576 1
2133 577 1
2133 577 1
2133 577 1
2133 577 1
2134 577 1
2134 578 1
2134 578 1
2134 578 1
2134 578 1
2134 578 1
2134 578 1
2134 578 1
2134 578 1
2134 578 1
2134 578 1
2134 578 1
2134 578 1
2134 578 1
2134 578 1
2134 578 1
2134 578 1
2134 578 1
2134 578 1
2134 578 1
2134 578 1
2134 578 1
2134 578 1
2134 578 1
2134 578 1
2134 578 1
2134 578 1
2134 578 1
2134 578 1
2134 578 1
2134 578 1
2134 578 1
2134 578 1
2134 578 1
2134 578 1
2134 578 1
2134 578 1
2134 578 1
2134 578 1
2134 578 1
2134 578 1
2134 578 1
2134 578 1
2134 578 1
2134 578 1
2134 578 1
2134 578 1
2134 578 1
2134 578 1
2134 578 1
2134 578 1
2134 578 1
2132 575 1
2130 573 1
2127 571 1
2125 568 1
2123 566 1
2121 564 1
2119 561 1
2117 559 1
2115 557 1
2113 555 1
2110 552 1
2108 550 1
2106 548 1
2104 545 1
2102 543 1
2100 541 1
2098 539 1
2096 536 1
2093 534 1
2091 532 1
2089 530 1
2087 527 1
2085 525 1
2083 523 1
2081 520 1
2079 518 1
2076 516 1
2074 514 1
2072 512 1
2070 509 1
2068 507 1
2066 505 1
2064 503 1
2062 500 1
2059 498 1
2057 496 1
2055 494 1
2053 491 1
2051 489 1
2049 487 1
2047 485 1
2044 483 1
2042 480 1
2040 478 1
2038 476 1
2036 474 1
2034 472 1
2032 470 1
2029 467 1
2027 465 0
2027 466 0
2028 466 0
2028 466 0
2028 467 0
2028 467 0
2028 467 0
2029 468 0
2029 468 0
2029 468 0
2029 469 0
2029 469 0
2029 469 0
2030 469 0
2030 470 0
2030 470 0
2030 470 0
2030 471 0
2030 471 0
2031 471 0
2031 472 0
2031 472 0
2031 472 0
2031 473 0
2031 473 0
2032 473 0
2032 474 0
2032 474 0
2032 474 0
2032 475 0
2032 475 0
2033 475 0
2033 476 0
2033 476 0
2033 476 0
2033 477 0
2033 477 0
2033 477 0
2034 478 0
2034 478 0
2034 478 0
2034 479 0
2034 479 0
2034 479 0
2035 480 0
2035 480 0
2035 480 0
2035 481 0
2035 481 0
2035 481 0
2036 482 1
2036 482 1
2035 482 1
2035 482 1
2035 483 1
2035 483 1
2035 483 1
2035 484 1
2035 484 1
2035 484 1
2035 485 1
2035 485 1
2035 485 1
2035 486 1
2035 486 1
2034 486 1
2034 486 1
2034 487 1
2034 487 1
2034 487 1
2034 488 1
2034 488 1
2034 488 1
2034 489 1
2034 489 1
2034 489 1
2034 490 1
2034 490 1
2033 490 1
2033 491 1
2033 491 1
2033 491 1
2033 491 1
2033 492 1
2033 492 1
2033 492 1
2033 493 1
2033 493 1
2033 493 1
2032 494 1
2032 494 1
2032 494 1
2032 495 1
2032 495 1
2032 495 1
2032 496 1
2032 496 1
2032 496 1
2032 497 1
2032 497 1
2032 497 1
2031 497 1
2031 498 1
2031 498 1
2031 498 1
2031 498 1
2031 498 1
2031 499 1
2030 499 1
2030 499 1
2030 499 1
2030 499 1
2030 500 1
2030 500 1
2030 500 1
2029 500 1
2029 500 1
2029 501 1
2029 501 1
2029 501 1
2029 501 1
2029 502 1
2028 502 1
2028 502 1
2028 502 1
2028 502 1
2028 503 1
2028 503 1
2028 503 1
2027 503 1
2027 503 1
2027 504 1
2027 504 1
2027 504 1
2027 504 1
2027 504 1
2026 505 1
2026 505 1
2026 505 1
2026 505 1
2026 506 1
2026 506 1
2026 506 1
2025 506 1
2025 506 1
2025 507 1
2025 507 1
2025 507 1
2025 507 1
2024 507 1
2024 508 1
2024 508 1
2024 508 1
2024 508 1
2024 508 1
2024 508 1
2023 508 1
2023 508 1
2023 508 1
2023 508 1
2023 508 1
2022 507 1
2022 507 1
2022 507 1
2022 507 1
2022 507 1
2022 507 1
2021 507 1
2021 507 1
2021 507 1
2021 507 1
2021 507 1
2021 507 1
2020 507 1
2020 507 1
2020 507 1
2020 507 1
2020 507 1
2020 507 1
2019 507 1
2019 507 1
2019 507 1
2019 507 1
2019 507 1
2019 507 1
2018 507 1
2018 507 1
2018 507 1
2018 507 1
2018 507 1
2018 507 1
2017 507 1
2017 507 1
2017 507 1
2017 507 1
2017 507 1
2017 507 1
2016 507 1
2016 507 1
2016 507 1
2016 507 1
2016 507 1
2015 507 1
2015 507 1
2015 506 1
2015 506 1
2014 506 1
2014 506 1
2014 506 1
2014 506 1
2013 505 1
2013 505 1
2013 505 1
2013 505 1
2012 505 1
2012 505 1
2012 505 1
2012 504 1
2011 504 1
2011 504 1
2011 504 1
2011 504 1
2010 504 1
2010 503 1
2010 503 1
2010 503 1
2009 503 1
2009 503 1
2009 503 1
2008 502 1
2008 502 1
2008 502 1
2008 502 1
2007 502 1
2007 502 1
2007 501 1
2007 501 1
2006 501 1
2006 501 1
2006 501 1
2006 501 1
2005 501 1
2005 500 1
2005 500 1
2005 500 1
2004 500 1
2004 500 1
2004 500 1
2004 499 1
2003 499 1
2003 499 1
2002 499 1
2002 498 1
2001 497 1
2001 497 1
2000 496 1
1999 496 1
1999 495 1
1998 495 1
1998 494 1
1997 493 1
1996 493 1
1996 492 1
1995 492 1
1995 491 1
1994 491 1
1993 490 1
1993 489 1
1992 489 1
1991 488 1
1991 488 1
1990 487 1
1990 487 1
1989 486 1
1988 485 1
1988 485 1
1987 484 1
1987 484 1
1986 483 1
1985 483 1
1985 482 1
1984 481 1
1983 481 1
1983 480 1
1982 480 1
1982 479 1
1981 479 1
1980 478 1
1980 478 1
1979 477 1
1979 476 1
1978 476 1
1977 475 1
1977 475 1
1976 474 1
1975 474 1
1975 473 1
1974 473 1
1974 472 1
1973 471 1
1972 471 1
1972 470 1
1971 470 1
1970 469 1
1970 468 1
1969 468 1
1968 467 1
1967 466 1
1967 466 1
1966 465 1
1965 464 1
1965 464 1
1964 463 1
1963 462 1
1963 462 1
1962 461 1
1961 460 1
1960 460 1
1960 459 1
1959 459 1
1958 458 1
1958 457 1
1957 457 1
1956 456 1
1955 455 1
1955 455 1
1954 454 1
1953 453 1
1953 453 1
1952 452 1
1951 451 1
1951 451 1
1950 450 1
1949 450 1
1948 449 1
1948 448 1
1947 448 1
1946 447 1
1946 446 1
1945 446 1
1944 445 1
1943 444 1
1943 444 1
1942 443 1
1941 443 1
1941 442 1
1940 441 1
1939 441 1
1939 440 1
1938 439 1
1937 439 1
1937 439 1
1937 439 1
1937 438 1
1937 438 1
1937 438 1
1937 438 1
1937 438 1
1937 438 1
1938 438 1
1938 438 1
1938 438 1
1938 437 1
1938 437 1
1938 437 1
1938 437 1
1938 437 1
1938 437 1
1938 437 1
1938 437 1
1938 436 1
1938 436 1
1938 436 1
1938 436 1
1938 436 1
1938 436 1
1938 436 1
1938 436 1
1938 435 1
1938 435 1
1939 435 1
1939 435 1
1939 435 1
1939 435 1
1939 435 1
1939 435 1
1939 435 1
1939 434 1
1939 434 1
1939 434 1
1939 434 1
1939 434 1
1939 434 1
1939 434 1
1939 434 1
1939 433 1
1939 433 1
1939 433 1
1939 433 1
1939 433 1
1939 433 1
1940 433 1
1940 433 1
1940 433 1
1940 432 1
1940 432 1
1940 432 1
1940 432 1
1940 432 1
1940 432 1
1940 432 1
1940 432 1
1940 431 1
1940 431 1
1940 431 1
1940 431 1
1940 431 1
1940 431 1
1940 431 1
1940 431 1
1940 430 1
1940 430 1
1941 430 1
1941 430 1
1941 430 1
1941 430 1
1941 430 1
1941 430 1
1941 430 1
1941 429 1
1941 429 1
1941 429 1
1941 429 1
1941 429 1
1941 429 1
1941 429 1
1941 429 1
1941 428 1
1941 428 1
1941 428 1
1941 428 1
1941 428 1
1941 428 1
1941 428 1
1942 428 1
1942 428 1
1942 427 1
1942 427 1
1942 427 1
1942 427 1
1942 427 1
1942 428 1
1943 428 1
1944 429 1
1945 429 1
1945 430 1
1946 431 1
1947 431 1
1947 432 1
1948 432 1
1949 433 1
1949 434 1
1950 434 1
1951 435 1
1951 435 1
1952 436 1
1953 437 1
1953 437 1
1954 438 1
1955 438 1
1955 439 1
1956 440 1
1957 440 1
1958 441 1
1958 441 1
1959 442 1
1960 443 1
1960 443 1
1961 444 1
1962 445 1
1962 445 1
1963 446 1
1964 446 1
1964 447 1
1965 448 1
1966 448 1
1966 449 1
1967 450 1
1968 450 1
1969 451 1
1969 451 1
1970 452 1
1971 453 1
1971 453 1
1972 454 1
1973 455 1
1973 455 1
1974 456 1
1975 456 1
1975 457 1
1976 458 1
1977 458 1
1977 459 1
1978 459 1
1979 460 1
1980 461 1
1980 461 1
1981 462 1
1982 462 1
1982 463 1
1983 464 1
1984 464 1
1984 465 1
1985 465 1
1986 466 1
1987 467 1
1987 467 1
1988 468 1
1989 468 1
1989 469 1
1990 470 1
1991 470 1
1991 471 1
1992 471 1
1993 472 1
1994 473 1
1994 473 1
1995 474 1
1996 474 1
1996 475 1
1997 476 1
1998 476 1
1998 477 1
1999 477 1
2000 478 1
2001 479 1
2001 479 1
2002 480 1
2003 481 1
2003 481 1
2004 482 1
2005 482 1
2005 483 1
2006 484 1
2007 484 1
2008 485 1
2008 486 1
2009 486 1
2010 487 1
2010 487 1
2011 488 1
2010 487 1
2010 487 1
2009 486 1
2008 485 1
2008 484 1
2007 484 1
2006 483 1
2006 482 1
2005 482 1
2004 481 1
2004 480 1
2003 479 1
2002 479 1
2002 478 1
2001 477 1
2001 477 1
2000 476 1
1999 475 1
1999 475 1
1998 474 1
1997 473 1
1997 472 1
1996 472 1
1995 471 1
1995 470 1
1994 470 1
1993 469 1
1993 468 1
1992 468 1
1991 467 1
1991 466 1
1990 465 1
1989 465 1
1989 464 1
1988 463 1
1987 463 1
1987 462 1
1986 461 1
1985 461 1
1985 460 1
1984 459 1
1983 458 1
1983 458 1
1982 457 1
1981 456 1
1981 456 1
1980 455 1
1979 454 1
1979 454 1
1978 453 1
1977 452 1
1977 452 1
1976 451 1
1975 450 1
1975 450 1
1974 449 1
1973 448 1
1973 448 1
1972 447 1
1971 446 1
1971 446 1
1970 445 1
1969 444 1
1969 444 1
1968 443 1
1967 442 1
1967 442 1
1966 441 1
1965 440 1
1964 440 1
1964 439 1
1963 439 1
1962 438 1
1962 437 1
1961 437 1
1960 436 1
1960 435 1
1959 435 1
1958 434 1
1958 433 1
1957 433 1
1956 432 1
1956 431 1
1955 431 1
1954 430 1
1954 430 1
1953 429 1
1952 428 1
1952 428 1
1951 427 1
1950 426 1
1950 426 1
1949 425 1
1948 425 1
1947 424 1
1947 423 1
1946 423 1
1945 422 1
1945 421 1
1944 421 1
1944 421 1
1944 420 1
1944 420 1
1944 420 1
1944 420 1
1944 420 1
1944 420 1
1944 420 1
1944 420 1
1944 420 1
1945 419 1
1945 419 1
1945 419 1
1945 419 1
1945 419 1
1945 419 1
1945 419 1
1945 419 1
1945 418 1
1945 418 1
1945 418 1
1945 418 1
1945 418 1
1945 418 1
1945 418 1
1945 418 1
1945 418 1
1945 417 1
1945 417 1
1945 417 1
1945 417 1
1945 417 1
1945 417 1
1945 417 1
1946 417 1
1946 416 1
1946 416 1
1946 416 1
1946 416 1
1946 416 1
1946 416 1
1946 416 1
1946 416 1
1946 416 1
1946 415 1
1946 415 1
1946 415 1
1946 415 1
1946 415 1
1946 415 1
1946 415 1
1946 415 1
1946 414 1
1946 414 1
1946 414 1
1946 414 1
1946 414 1
1946 414 1
1947 414 1
1947 414 1
1947 414 1
1947 413 1
1947 413 1
1947 413 1
1947 413 1
1947 413 1
1947 413 1
1947 413 1
1947 413 1
1947 412 1
1947 412 1
1947 412 1
1947 412 1
1947 412 1
1947 412 1
1947 412 1
1947 412 1
1947 412 1
1947 411 1
1947 411 1
1947 411 1
1947 411 1
1947 411 1
1947 411 1
1948 411 1
1948 411 1
1948 410 1
1948 410 1
1948 410 1
1948 410 1
1948 410 1
1948 410 1
1948 410 1
1948 410 1
1948 410 1
1948 409 1
1948 409 1
1948 409 1
1948 409 1
1948 409 1
1949 410 1
1950 410 1
1950 411 1
1951 412 1
1952 412 1
1952 413 1
1953 414 1
1954 414 1
1954 415 1
1955 415 1
1956 416 1
1957 417 1
1957 417 1
1958 418 1
1959 419 1
1959 419 1
1960 420 1
1961 421 1
1962 421 1
1962 422 1
1963 423 1
1964 423 1
1964 424 1
1965 425 1
1966 425 1
1966 426 1
1967 427 1
1968 427 1
1969 428 1
1969 429 1
1970 429 1
1971 430 1
1971 431 1
1972 431 1
1973 432 1
1973 433 1
1974 433 1
1975 434 1
1976 435 1
1976 435 1
1977 436 1
1978 437 1
1978 437 1
1979 438 1
1980 439 1
1981 439 1
1981 440 1
1982 441 1
1983 441 1
1983 442 1
1984 443 1
1985 443 1
1986 444 1
1986 445 1
1987 445 1
1988 446 1
1988 447 1
1989 447 1
1990 448 1
1991 448 1
1991 449 1
1992 450 1
1993 450 1
1993 451 1
1994 452 1
1995 452 1
1996 453 1
1996 454 1
1997 454 1
1998 455 1
1998 456 1
1999 456 1
2000 457 1
2001 458 1
2001 458 1
2002 459 1
2003 459 1
2003 460 1
2004 461 1
2005 461 1
2006 462 1
2006 463 1
2007 463 1
2008 464 1
2009 465 1
2009 465 1
2010 466 1
2011 467 1
2011 467 1
2012 468 1
2013 469 1
2014 469 1
2014 470 1
2015 471 1
2016 471 1
2016 472 1
2017 473 1
2018 473 1
2019 474 1
2019 475 1
2019 474 1
2018 473 1
2017 473 1
2017 472 1
2016 471 1
2015 470 1
2014 470 1
2014 469 1
2013 468 1
2012 467 1
2012 467 1
2011 466 1
2010 465 1
2010 464 1
2009 464 1
2008 463 1
2008 462 1
2007 461 1
2006 461 1
2005 460 1
2005 459 1
2004 459 1
2003 458 1
2003 457 1
2002 456 1
2001 456 1
2001 455 1
2000 454 1
1999 453 1
1998 453 1
1998 452 1
1997 451 1
1996 451 1
1996 450 1
1995 449 1
1994 448 1
1994 448 1
1993 447 1
1992 446 1
1992 445 1
1991 445 1
1990 444 1
1989 443 1
1989 443 1
1988 442 1
1987 441 1
1987 440 1
1986 440 1
1985 439 1
1985 438 1
1984 438 1
1983 437 1
1982 436 1
1982 435 1
1981 435 1
1980 434 1
1980 433 1
1979 433 1
1978 432 1
1977 431 1
1977 431 1
1976 430 1
1975 429 1
1975 429 1
1974 428 1
1973 427 1
1973 427 1
1972 426 1
1971 425 1
1970 425 1
1970 424 1
1969 423 1
1968 423 1
1968 422 1
1967 421 1
1966 421 1
1965 420 1
1965 419 1
1964 419 1
1963 418 1
1963 417 1
1962 417 1
1961 416 1
1960 415 1
1960 415 1
1959 414 1
1958 413 1
1958 413 1
1957 412 1
1956 411 1
1955 411 1
1955 410 1
1954 409 1
1953 409 1
1953 408 1
1952 407 1
1951 407 1
1950 406 1
1950 405 1
1949 405 1
1949 405 1
1949 405 1
1949 404 1
1949 404 1
1949 404 1
1949 404 1
1949 404 1
1950 404 1
1950 404 1
1950 404 1
1950 404 1
1950 403 1
1950 403 1
1950 403 1
1950 403 1
1950 403 1
1950 403 1
1950 403 1
1950 403 1
1950 403 1
1950 402 1
1950 402 1
1950 402 1
1950 402 1
1950 402 1
1951 402 1
1951 402 1
1951 402 1
1951 401 1
1951 401 1
1951 401 1
1951 401 1
1951 401 1
1951 401 1
1951 401 1
1951 401 1
1951 401 1
1951 400 1
1951 400 1
1951 400 1
1951 400 1
1951 400 1
1951 400 1
1952 400 1
1952 400 1
1952 400 1
1952 399 1
1952 399 1
1952 399 1
1952 399 1
1952 399 1
1952 399 1
1952 399 1
1952 399 1
1952 399 1
1952 398 1
1952 398 1
1952 398 1
1952 398 1
1952 398 1
1952 398 1
1952 398 1
1953 398 1
1953 398 1
1953 397 1
1953 397 1
1953 397 1
1953 397 1
1953 397 1
1953 397 1
1953 397 1
1953 397 1
1953 397 1
1953 396 1
1953 396 1
1953 396 1
1953 396 1
1953 396 1
1953 396 1
1953 396 1
1954 396 1
1954 396 1
1954 395 1
1954 395 1
1954 395 1
1954 395 1
1954 395 1
1954 395 1
1954 395 1
1954 395 1
1954 395 1
1954 394 1
1954 394 1
1954 394 1
1954 394 1
1954 394 1
1954 394 1
1954 394 1
1954 394 1
1955 394 1
1955 394 1
1956 395 1
1957 396 1
1957 396 1
1958 397 1
1959 397 1
1959 398 1
1960 399 1
1961 399 1
1961 400 1
1962 401 1
1963 401 1
1963 402 1
1964 403 1
1965 403 1
1966 404 1
1966 405 1
1967 405 1
1968 406 1
1968 407 1
1969 407 1
1970 408 1
1970 408 1
1971 409 1
1972 410 1
1972 410 1
1973 411 1
1974 412 1
1975 412 1
1975 413 1
1976 414 1
1977 414 1
1977 415 1
1978 416 1
1979 416 1
1979 417 1
1980 418 1
1981 418 1
1981 419 1
1982 420 1
1983 420 1
1984 421 1
1984 422 1
1985 422 1
1986 423 1
1986 424 1
1987 424 1
1988 425 1
1988 426 1
1989 426 1
1990 427 1
1991 428 1
1991 429 1
1992 429 1
1993 430 1
1994 431 1
1994 432 1
1995 432 1
1996 433 1
1997 434 1
1998 435 1
1998 436 1
1999 436 1
2000 437 1
2001 438 1
2001 439 1
2002 439 1
2003 440 1
2004 441 1
2004 442 1
2005 442 1
2006 443 1
2007 444 1
2007 445 1
2008 446 1
2009 446 1
2010 447 1
2011 448 1
2011 449 1
2012 450 1
2013 450 1
2014 451 1
2014 452 1
2015 453 1
2016 453 1
2017 454 1
2017 455 1
2018 456 1
2019 457 1
2020 457 1
2020 458 1
2021 459 1
2022 460 1
2023 461 1
2024 461 1
2024 462 1
2025 463 1
2026 464 1
2027 464 1
2027 465 1
2027 465 1
2027 465 1
2027 465 1
2027 465 1
2027 465 1
2027 465 1
2027 465 1
2027 465 1
2027 465 1
2027 465 1
2027 465 1
2027 465 1
2027 465 1
2027 465 1
2027 465 1
2027 465 1
2027 465 1
2027 465 1
2027 465 1
2027 465 1
2027 465 1
2027 465 1
2027 465 1
2027 465 1
2027 465 1
2027 465 1
2027 465 1
2027 465 1
2027 465 1
2027 465 1
2027 465 1
2027 465 1
2027 465 1
2027 465 1
2027 465 1
2027 465 1
2027 465 1
2027 465 1
2027 465 1
2027 465 1
2027 465 1
2027 465 1
2027 465 1
2027 465 1
2027 465 1
2027 465 1
2027 465 1
2027 465 1
2027 465 1
2027 465 1
2025 463 1
2022 461 1
2020 459 1
2018 457 1
2015 455 1
2013 453 1
2010 451 1
2008 449 1
2005 447 1
2003 445 1
2001 443 1
1998 441 1
1996 439 1
1993 437 1
1991 435 1
1989 433 1
1986 431 1
1984 429 1
1981 427 1
1979 425 1
1976 423 1
1974 421 1
1972 419 1
1969 417 1
1967 416 1
1964 414 1
1962 412 1
1960 410 1
1957 408 1
1955 406 1
1952 405 1
1950 403 1
1948 401 1
1945 399 1
1943 397 1
1940 396 1
1938 394 1
1936 392 1
1933 390 1
1931 389 1
1928 387 1
1926 385 1
1924 383 1
1921 382 1
1919 380 1
1917 378 1
1914 377 1
1912 375 1
1909 373 1
1907 372 0
1907 372 0
1907 373 0
1907 373 0
1907 373 0
1907 374 0
1906 374 0
1906 374 0
1906 375 0
1906 375 0
1906 376 0
1906 376 0
1906 376 0
1906 377 0
1906 377 0
1906 378 0
1906 378 0
1905 378 0
1905 379 0
1905 379 0
1905 379 0
1905 380 0
1905 380 0
1905 381 0
1905 381 0
1905 381 0
1905 382 0
1904 382 0
1904 383 0
1904 383 0
1904 383 0
1904 384 0
1904 384 0
1904 384 0
1904 385 0
1904 385 0
1904 386 0
1904 386 0
1903 386 0
1903 387 0
1903 387 0
1903 388 0
1903 388 0
1903 388 0
1903 389 0
1903 389 0
1903 390 0
1902 390 0
1902 390 0
1902 391 0
1902 391 1
1903 391 1
1903 392 1
1903 392 1
1904 392 1
1904 393 1
1904 393 1
1905 393 1
1905 394 1
1905 394 1
1906 394 1
1906 394 1
1906 395 1
1907 395 1
1907 395 1
1907 396 1
1908 396 1
1908 396 1
1908 397 1
1909 397 1
1909 397 1
1909 398 1
1910 398 1
1910 398 1
1910 398 1
1911 399 1
1911 399 1
1911 399 1
1912 400 1
1912 400 1
1913 400 1
1913 401 1
1913 401 1
1914 401 1
1914 402 1
1914 402 1
1915 402 1
1915 402 1
1915 403 1
1916 403 1
1916 403 1
1916 404 1
1917 404 1
1917 404 1
1917 405 1
1918 405 1
1918 405 1
1918 406 1
1919 406 1
1919 406 1
1919 407 1
1920 407 1
1920 407 1
1920 407 1
1921 408 1
1921 408 1
1921 408 1
1921 409 1
1922 409 1
1922 409 1
1922 409 1
1923 410 1
1923 410 1
1923 410 1
1924 411 1
1924 411 1
1924 411 1
1924 411 1
1925 412 1
1925 412 1
1925 412 1
1926 413 1
1926 413 1
1926 413 1
1927 414 1
1927 414 1
1927 414 1
1927 414 1
1928 415 1
1928 415 1
1928 415 1
1929 416 1
1929 416 1
1929 416 1
1929 416 1
1930 417 1
1930 417 1
1930 417 1
1931 418 1
1931 418 1
1931 418 1
1932 418 1
1932 419 1
1932 419 1
1932 419 1
1933 420 1
1933 420 1
1933 420 1
1934 421 1
1934 421 1
1934 421 1
1934 421 1
1934 421 1
1934 422 1
1934 422 1
1934 422 1
1934 422 1
1934 422 1
1934 422 1
1934 422 1
1934 423 1
1934 423 1
1934 423 1
1934 423 1
1934 423 1
1934 423 1
1934 423 1
1934 424 1
1934 424 1
1934 424 1
1934 424 1
1934 424 1
1934 424 1
1934 424 1
1934 425 1
1934 425 1
1934 425 1
1934 425 1
1934 425 1
1934 425 1
1934 425 1
1934 426 1
1934 426 1
1934 426 1
1934 426 1
1934 426 1
1934 426 1
1934 426 1
1934 427 1
1934 427 1
1934 427 1
1934 427 1
1934 427 1
1934 427 1
1934 427 1
1934 428 1
1934 428 1
1934 428 1
1934 428 1
1934 428 1
1934 428 1
1934 428 1
1934 429 1
1934 429 1
1934 429 1
1934 429 1
1934 429 1
1934 429 1
1934 429 1
1934 429 1
1934 430 1
1934 430 1
1934 430 1
1934 430 1
1934 430 1
1934 430 1
1934 430 1
1934 430 1
1934 431 1
1933 431 1
1933 431 1
1933 431 1
1933 431 1
1933 431 1
1933 431 1
1933 431 1
1933 431 1
1933 432 1
1933 432 1
1933 432 1
1933 432 1
1933 432 1
1933 432 1
1933 432 1
1933 432 1
1933 433 1
1933 433 1
1933 433 1
1933 433 1
1933 433 1
1932 433 1
1932 433 1
1932 433 1
1932 434 1
1932 434 1
1932 434 1
1932 434 1
1932 434 1
1932 434 1
1932 434 1
1932 434 1
1931 434 1
1930 433 1
1929 432 1
1929 431 1
1928 431 1
1927 430 1
1926 429 1
1925 428 1
1924 428 1
1923 427 1
1922 426 1
1922 425 1
1921 425 1
1920 424 1
1919 423 1
1918 422 1
1917 422 1
1916 421 1
1915 420 1
1915 419 1
1914 419 1
1913 418 1
1912 417 1
1911 416 1
1910 416 1
1909 415 1
1908 414 1
1908 413 1
1907 413 1
1906 412 1
1905 411 1
1904 411 1
1903 410 1
1902 409 1
1902 408 1
1901 408 1
1900 407 1
1899 406 1
1898 406 1
1897 405 1
1896 404 1
1895 403 1
1895 403 1
1894 402 1
1893 401 1
1892 400 1
1891 400 1
1890 399 1
1889 398 1
1888 398 1
1888 397 1
1887 396 1
1886 396 1
1885 395 1
1884 394 1
1883 393 1
1882 393 1
1881 392 1
1881 391 1
1880 391 1
1879 390 1
1878 389 1
1877 389 1
1876 388 1
1875 387 1
1874 386 1
1873 386 1
1873 385 1
1872 384 1
1871 384 1
1870 383 1
1869 382 1
1868 382 1
1867 381 1
1866 380 1
1866 380 1
1865 379 1
1864 378 1
1863 378 1
1862 377 1
1861 376 1
1860 376 1
1859 375 1
1859 374 1
1858 374 1
1857 373 1
1856 372 1
1855 372 1
1854 371 1
1853 370 1
1852 370 1
1851 369 1
1851 368 1
1850 368 1
1849 367 1
1848 366 1
1847 366 1
1846 365 1
1845 364 1
1844 364 1
1844 364 1
1844 363 1
1845 363 1
1845 363 1
1845 363 1
1845 363 1
1845 363 1
1845 363 1
1845 362 1
1845 362 1
1845 362 1
1845 362 1
1845 362 1
1845 362 1
1845 362 1
1845 361 1
1845 361 1
1845 361 1
1845 361 1
1845 361 1
1845 361 1
1845 361 1
1845 361 1
1845 360 1
1845 360 1
1845 360 1
1846 360 1
1846 360 1
1846 360 1
1846 360 1
1846 359 1
1846 359 1
1846 359 1
1846 359 1
1846 359 1
1846 359 1
1846 359 1
1846 358 1
1846 358 1
1846 358 1
1846 358 1
1846 358 1
1846 358 1
1846 358 1
1846 358 1
1846 357 1
1846 357 1
1846 357 1
1846 357 1
1846 357 1
1847 357 1
1847 357 1
1847 357 1
1847 356 1
1847 356 1
1847 356 1
1847 356 1
1847 356 1
1847 356 1
1847 356 1
1847 356 1
1847 356 1
1848 356 1
1848 356 1
1848 356 1
1848 355 1
1848 355 1
1848 355 1
1848 355 1
1848 355 1
1848 355 1
1848 355 1
1848 355 1
1848 355 1
1848 355 1
1849 355 1
1849 354 1
1849 354 1
1849 354 1
1849 354 1
1849 354 1
1849 354 1
1849 354 1
1849 354 1
1849 354 1
1849 354 1
1849 354 1
1850 353 1
1850 353 1
1850 353 1
1850 353 1
1850 353 1
1850 353 1
1850 353 1
1850 353 1
1850 353 1
1850 353 1
1850 353 1
1850 353 1
1850 352 1
1851 353 1
1851 353 1
1851 353 1
1852 353 1
1852 353 1
1852 354 1
1853 354 1
1853 354 1
1853 354 1
1854 354 1
1854 355 1
1854 355 1
1855 355 1
1855 355 1
1855 355 1
1856 356 1
1856 356 1
1856 356 1
1856 356 1
1857 357 1
1857 357 1
1857 357 1
1858 357 1
1858 357 1
1858 358 1
1859 358 1
1859 358 1
1859 358 1
1860 358 1
1860 359 1
1860 359 1
1861 359 1
1861 359 1
1861 359 1
1862 360 1
1862 360 1
1862 360 1
1862 360 1
1863 360 1
1863 361 1
1863 361 1
1864 361 1
1864 361 1
1864 362 1
1865 362 1
1865 362 1
1865 362 1
1866 362 1
1866 363 1
1866 363 1
1867 363 1
1867 363 1
1867 364 1
1868 364 1
1868 364 1
1868 364 1
1869 365 1
1869 365 1
1869 365 1
1870 365 1
1870 366 1
1871 366 1
1871 366 1
1871 366 1
1872 367 1
1872 367 1
1872 367 1
1873 368 1
1873 368 1
1873 368 1
1874 368 1
1874 369 1
1874 369 1
1875 369 1
1875 369 1
1875 370 1
1876 370 1
1876 370 1
1877 370 1
1877 371 1
1877 371 1
1878 371 1
1878 372 1
1878 372 1
1879 372 1
1879 372 1
1879 373 1
1880 373 1
1880 373 1
1880 373 1
1881 374 1
1881 374 1
1882 374 1
1882 374 1
1882 375 1
1883 375 1
1883 375 1
1883 376 1
1884 376 1
1884 376 1
1884 376 1
1884 375 1
1884 375 1
1885 375 1
1885 374 1
1885 374 1
1885 373 1
1885 373 1
1885 373 1
1885 372 1
1885 372 1
1886 372 1
1886 371 1
1886 371 1
1886 371 1
1886 370 1
1886 370 1
1886 369 1
1886 369 1
1887 369 1
1887 368 1
1887 368 1
1887 368 1
1887 367 1
1887 367 1
1887 366 1
1887 366 1
1888 366 1
1888 365 1
1888 365 1
1888 365 1
1888 364 1
1888 364 1
1888 363 1
1888 363 1
1889 363 1
1889 362 1
1889 362 1
1889 362 1
1889 361 1
1889 361 1
1889 361 1
1889 360 1
1889 360 1
1890 359 1
1890 359 1
1890 359 1
1890 358 1
1890 358 1
1890 358 1
1890 357 1
1890 357 1
1890 356 1
1891 356 1
1891 356 1
1891 355 1
1891 355 1
1891 355 1
1891 354 1
1891 354 1
1891 354 1
1891 353 1
1892 353 1
1892 352 1
1892 352 1
1892 352 1
1892 351 1
1892 351 1
1892 351 1
1892 350 1
1892 350 1
1893 349 1
1893 349 1
1893 349 1
1893 348 1
1893 348 1
1893 348 1
1893 347 1
1893 347 1
1893 347 1
1894 346 1
1894 346 1
1894 345 1
1894 345 1
1894 345 1
1894 344 1
1894 344 1
1894 344 1
1894 343 1
1894 343 1
1895 342 1
1895 342 1
1895 342 1
1895 341 1
1895 341 1
1895 341 1
1895 340 1
1895 340 1
1895 340 1
1895 339 1
1896 339 1
1896 339 1
1896 340 1
1896 340 1
1896 340 1
1896 340 1
1896 340 1
1897 340 1
1897 340 1
1897 341 1
1897 341 1
1897 341 1
1897 341 1
1898 341 1
1898 341 1
1898 341 1
1898 341 1
1898 342 1
1898 342 1
1898 342 1
1899 342 1
1899 342 1
1899 342 1
1899 342 1
1899 343 1
1899 343 1
1900 343 1
1900 343 1
1900 343 1
1900 343 1
1900 343 1
1900 343 1
1900 344 1
1901 344 1
1901 344 1
1901 344 1
1901 344 1
1901 344 1
1901 344 1
1902 345 1
1902 345 1
1902 345 1
1902 345 1
1902 345 1
1902 345 1
1902 345 1
1903 345 1
1903 346 1
1903 346 1
1903 346 1
1903 346 1
1903 346 1
1904 346 1
1904 346 1
1904 347 1
1904 347 1
1904 347 1
1904 347 1
1905 347 1
1905 347 1
1905 347 1
1905 347 1
1905 348 1
1905 348 1
1905 348 1
1906 348 1
1906 348 1
1906 348 1
1906 348 1
1906 349 1
1906 349 1
1907 349 1
1907 349 1
1907 349 1
1907 349 1
1907 349 1
1907 350 1
1907 350 1
1908 350 1
1908 350 1
1908 350 1
1908 350 1
1908 350 1
1908 350 1
1909 351 1
1909 351 1
1909 351 1
1909 351 1
1909 351 1
1909 351 1
1909 351 1
1910 352 1
1910 352 1
1910 352 1
1910 352 1
1910 352 1
1910 352 1
1911 352 1
1911 353 1
1911 353 1
1911 353 1
1911 353 1
1911 354 1
1911 354 1
1911 355 1
1910 355 1
1910 355 1
1910 356 1
1910 356 1
1910 356 1
1910 357 1
1910 357 1
1910 358 1
1910 358 1
1910 358 1
1910 359 1
1910 359 1
1910 360 1
1909 360 1
1909 360 1
1909 361 1
1909 361 1
1909 361 1
1909 362 1
1909 362 1
1909 363 1
1909 363 1
1909 363 1
1909 364 1
1909 364 1
1909 365 1
1908 365 1
1908 365 1
1908 366 1
1908 366 1
1908 366 1
1908 367 1
1908 367 1
1908 368 1
1908 368 1
1908 368 1
1908 369 1
1908 369 1
1907 370 1
1907 370 1
1907 370 1
1907 371 1
1907 371 1
1907 371 1
1907 372 1
1907 372 1
1907 372 1
1907 372 1
1907 372 1
1907 372 1
1907 372 1
1907 372 1
1907 372 1
1907 372 1
1907 372 1
1907 372 1
1907 372 1
1907 372 1
1907 372 1
1907 372 1
1907 372 1
1907 372 1
1907 372 1
1907 372 1
1907 372 1
1907 372 1
1907 372 1
1907 372 1
1907 372 1
1907 372 1
1907 372 1
1907 372 1
1907 372 1
1907 372 1
1907 372 1
1907 372 1
1907 372 1
1907 372 1
1907 372 1
1907 372 1
1907 372 1
1907 372 1
1907 372 1
1907 372 1
1907 372 1
1907 372 1
1907 372 1
1907 372 1
1907 372 1
1907 372 1
1907 372 1
1907 372 1
1907 372 1
1907 372 1
